0 0.5000000000000000000000000000 0.0000000000000000000000000000 0.0000000000000000000000000000 1.0000000000000000000000000000
0.1 0.4799332585511937656568171781 0.0986476860744433022938462557 -0.4026710467234321033252998363 0.9590446687963015399081462026
0.2 0.4189310675273359474568118007 0.1886937742895151345338071452 -0.8213620959781950684383958677 0.8235581287582942332510984147
0.3 0.3146437993373008976167499943 0.2586704747213482365470676486 -1.2701038509992147475222406176 0.5449388619059109775602113611
0.4 0.1641075999174673650153617743 0.2886666461497213856879065905 -1.7386770338355894220351383266 -0.0115659975273528641278127326
0.5 -0.0271347443620931889847990025 0.2348730161280016563703129231 -1.9867432399507397724689211836 -1.2297010252090558531792534727
0.6 -0.1662376396727858409372151235 0.0136974788956549884968374107 -0.1624470418269993798545902338 -2.9943572710290473296594412893
0.7 -0.0448834534353911385877268347 -0.2227077103286610156236933840 1.9642475268550345969246188671 -1.3935409597083538251906173777
0.8 0.1486205471298893079376133759 -0.2874930458789065143472115849 1.7803990482337773547066705254 -0.0797490352816174200548301569
0.9 0.3034092073855341871824049916 -0.2620948341743833384872847560 1.3111618814388190046772809283 0.5153147640303770449496333019
1.0 0.4115319536641320491260841817 -0.1941443161369061066068940008 0.8570803196788007635410371634 0.8106362689246364609049799281
1.1 0.4758882325361025545327035661 -0.1049116203444798685525974972 0.4343212396030294291230689284 0.9549188736637822107580705738
1.2 0.4989883460272174935682414266 -0.0063738713562400105890304566 0.0292964133334984899816629748 1.0016531897178828693805054999
1.3 0.4818019076083667367849855046 0.0926921773286542130149089046 -0.3740927067441565900010641431 0.9658005191364954755497543378
1.4 0.4236890525563632749028376189 0.1837139890149587897599131838 -0.7918843518518198868227780084 0.8367451666351830681228262760
1.5 0.3224561788941513898180527966 0.2555071438459081040023864827 -1.2383401520109022758566717937 0.5693649452760314428144902142
1.6 0.1751703184497201865129353102 0.2890291863571493561613898606 -1.7066441565862165674320428741 0.0384199108631192028142453790
1.7 -0.0139895586474885742104614816 0.2430734730368326016953697690 -1.9929216623104856459852780174 -1.1132309777798735298105821351
1.8 -0.1644343440682854129138123293 0.0343821541517095638568858974 -0.4036407206760898161752154769 -2.9563286506493645901464800720
1.9 -0.0583466827564293737900372955 -0.2122210790630106172495913342 1.9369863817567607057645606968 -1.5241767951824841459550458381
2.0 0.1366444667803503603875719456 -0.2856510909726120551090165864 1.8128817285338177481068302105 -0.1306430035597083428522700401
2.1 0.2946895385459749085580524756 -0.2634351426923896235340432270 1.3416109173217191792461158832 0.4973795041415024417344062818
2.2 0.4055222358632459719079561734 -0.1965157267571267225695490316 0.8808632796168226480156512314 0.8061124237406135712182199984
2.3 0.4719616946019000249444289286 -0.1073941536731243364968318283 0.4524330545816331370003000188 0.9564575688504228871017719180
2.4 0.4966459876997410539969753675 -0.0085432797072272419837501449 0.0430783670299500706578735935 1.0060122941397781771465704413
2.5 0.4806708553067305560224438972 0.0910289129988657589346359045 -0.3634636753374708197795678724 0.9713805019892568890894263072
2.6 0.4235090379203980730438123018 0.1826362534936607361455921009 -0.7833055799164714584534454698 0.8428155519327220265827481044
2.7 0.3230810481202460890714460862 0.2550619442549870744305971088 -1.2306032658499991653686163142 0.5760781682758790060223363635
2.8 0.1765799713935735635769789085 0.2893664631123839659386761071 -1.6985560199503334656121926940 0.0481076763218531503766659747
2.9 -0.0118526214876377837676582198 0.2448889154226510929386069429 -1.9889617696395860297999211763 -1.0905021669110092818828677328
3.0 -0.1640614688201883954660605627 0.0391208752737089300677195371 -0.4532703275290221538229555047 -2.9395547383525500644626187538
3.1 -0.0614217755455127959838541659 -0.2093500820426444357556488479 1.9330135063669194054999301745 -1.5519490116646354253140252014
3.2 0.1342202526423993058504865268 -0.2842504648236999727704254995 1.8225849381186678281858540485 -0.1346340472853301806821709126
3.3 0.2930374686108135942868779048 -0.2618825618297124430452434226 1.3467778398031797373927331584 0.5026741795005443607780897118
3.4 0.4041117081825958211934575311 -0.1942735734525557473475712674 0.8806101223257343528774668987 0.8139351522294083398257061332
3.5 0.4702808190381936407002723584 -0.1043712430563025808552414674 0.4473850637164584855354539586 0.9639046425541652663420480134
3.6 0.4942435492282761815122244560 -0.0048696881273983939774733692 0.0337653264277439456184668438 1.0113143088488103671638812498
3.7 0.4771383861927544584115468337 0.0950572334803383069392936992 -0.3767072312100968930545710238 0.9728650349703911428181310561
3.8 0.4184666711061522577747652723 0.1865302756838006759399726930 -0.8002028369667960018919844078 0.8381502481201247721932394295
3.9 0.3161920551715288088710698767 0.2580174440022474452757564089 -1.2504029425082731266595432308 0.5609699102177116244109126145
4.0 0.1676995555383932093458970733 0.2899237517500348730849356896 -1.7171856539843138415332862392 0.0128032107099949289677205575
4.1 -0.0216331345416392410417406856 0.2400235802344355837215393484 -1.9778342204552858277911716698 -1.1682610879848630077509305992
4.2 -0.1660247065900632782442559559 0.0262767847769707872257903056 -0.2967497505289663649185551226 -2.9646332812865175723727555487
4.3 -0.0528497231247076373490509771 -0.2156097940170285711059568393 1.9608048244980706452993089424 -1.4613373754132117684775600542
4.4 0.1425807363676194878602755456 -0.2837976889334710279947105031 1.8055649273484506494881045961 -0.0870745510025314025869680144
4.5 0.2993113851198426286637830250 -0.2577927982745961351980908795 1.3236264759948232778172439664 0.5304797437604249974635313072
4.6 0.4079564908143439918910472740 -0.1879541538344139536039970067 0.8553193991989809900851309058 0.8315572216738668236463000053
4.7 0.4714989534450304639122053343 -0.0966614027701630871880788367 0.4200908477921046257702213226 0.9743254486673348925894610367
4.8 0.4926141701015229449527623990 0.0035493499253231329706034535 0.0040172893013033192388778278 1.0150220783588779148202797166
4.9 0.4723867669043970064388828560 0.1034722599966627994552935009 -0.4095098799364561085897994686 0.9687550949635911163894725990
5.0 0.4102569042775556970881198405 0.1940245039467138808962232287 -0.8366378363054281602110294413 0.8230739210164236357089331866
5.1 0.3041579060505767479146156861 0.2631765932935399675631780713 -1.2902216159408786384047203541 0.5275018907327504733949209342
5.2 0.1517148132170634673860876801 0.2901117447470427367823413007 -1.7538626628710689425020215448 -0.0581100618013257737132535080
5.3 -0.0393155841244092275028285059 0.2294110382100074176447065498 -1.9527736593194799659231985658 -1.3229402178478863256215713588
5.4 -0.1674211302894867669848030348 0.0007832975608269984903176202 0.0108222596712896552859371897 -2.9865314861095602594080772767
5.5 -0.0355747648065639128772595167 -0.2272374473578517833183893383 1.9977811450597425465595799896 -1.2938753767525986971361884903
5.6 0.1584614858678100795732624119 -0.2836158541714647864989754840 1.7678830124231888400879638445 -0.0088327497117660687032091887
5.7 0.3110391391144109047816090251 -0.2520150367007000030480973453 1.2809796189408266951251017970 0.5696192280631547005845035756
5.8 0.4154940084743387423913056369 -0.1792910340514762041558022076 0.8143140444983641923227891891 0.8519997537849259748466715393
5.9 0.4750132261166231453828802469 -0.0865630305528737302232179561 0.3804751389048401915444289053 0.9832671876207922892048893880
6.0 0.4921926901109372984396221605 0.0140784051477007493305528496 -0.0352690708261796018293970408 1.0148534867901859045036827518
6.1 0.4680065728188386072167086069 0.1135311017651149869904254502 -0.4495796692802301658562372033 0.9593000416881060821169476418
6.2 0.4017881206457477811134037016 0.2025714866630988093475479679 -0.8784725101889694447314638863 0.8015331988929091330912225878
6.3 0.2914075089400933480976201101 0.2686751992242639496769554695 -1.3337842101037935096623120532 0.4860727925075699886500723142
6.4 0.1347526804659245847316257162 0.2896870256365022928979640053 -1.7914967668364949888643984739 -0.1408014278949536228804217422
6.5 -0.0574832557116778592134927816 0.2165887338874721458477765985 -1.9110496543386297679197435757 -1.4976217666323997348813506898
6.6 -0.1657123600272329069702234459 -0.0265317587779972959271130564 0.3404558129431750797003600956 -2.9627669801802354973314009983
6.7 -0.0164099322209386084269324500 -0.2382396342035725574980937853 2.0212639364715800343050519347 -1.1246127587650809952310491143
6.8 0.1754591275363485547610049938 -0.2829191117319571081338040488 1.7256986410628104019378594157 0.0670633298973099135081614819
6.9 0.3235781434845566649307554979 -0.2460288100273906155732029692 1.2365308949505501178785751173 0.6050401712702692440659865008
7.0 0.4237775964192813706630868821 -0.1708371564448207984868556336 0.7738054269181869999297767317 0.8679205421228156366329449110
7.1 0.4794403444916670488920492907 -0.0771372552769781729964336117 0.3437175310717852663209170319 0.9875818305707324902456427230
7.2 0.4930941873216582873531910477 0.0234978041903593584292801550 -0.0691768239746928765460271255 1.0107085205014373054827924870
7.3 0.4656234324395677242006000005 0.1221547023925961472584102303 -0.4814958360893210915500214123 0.9475103457051531827220897877
7.4 0.3962842700218959645634122396 0.2095950907001043626294200171 -0.9090472218998797572009556383 0.7809246757589389882737051399
7.5 0.2829123542226790388114240111 0.2730307262325538255371658207 -1.3628350824255685075983818828 0.4520981349915600735971813648
7.6 0.1236024680317331059563178018 0.2894823520082577626108016944 -1.8133312205793671894749359901 -0.2016738589468958205317756974
7.7 -0.0688102172581265678113779322 0.2076452087423607947969478276 -1.8722905641809656365836741955 -1.6164435952446426364986110026
7.8 -0.1627822186831733816491740826 -0.0438946897916573639682720032 0.5502119939686297491403054262 -2.9232223215439306347008135533
7.9 -0.0033566807836059850571862613 -0.2444746188890821388283915778 2.0312073757517884117819665346 -1.0192660991473727876664063272
8.0 0.1869373353406349931236193100 -0.2819157755578714336226374955 1.6982574394029723732362589988 0.1135912033574952353524361102
8.1 0.3322054558951479680475764539 -0.2418607846911137702949400495 1.2085736206465272381286595047 0.6251957397683548691261321601
8.2 0.4297902634878133529355184233 -0.1653778075053218975599771181 0.7496501094630738224099547000 0.8749023429460136500857740265
8.3 0.4832460939497272586519101032 -0.0713958059885572744874019823 0.3237237042623072052627284522 0.9868418828155135176448829982
8.4 0.4951039940117974043518639299 0.0288966970232657974277045522 -0.0851190288118795539275958456 1.0049208797165413010618020969
8.5 0.4662398477176182660387685053 0.1267897975830634999838972174 -0.4934100880801983748463149041 0.9382309061489946855566281471
8.6 0.3959173106926765752676166688 0.2131752285548794724328383208 -0.9167492793370329370434952386 0.7692812479377171502311893368
8.7 0.2820030304623408406107733246 0.2753750489084682232576537318 -1.3658859741519278638669046924 0.4392473473119784611107729723
8.8 0.1226453213784957850812766293 0.2905515179068466787103201603 -1.8111633651515408963199968786 -0.2139198187681754697563053060
8.9 -0.0693035092683981287615928351 0.2076441115199342760563429792 -1.8655502095873120785455264796 -1.6251627864647507302156065896
9.0 -0.1623138489461620144617947234 -0.0445609381726739000192794039 0.5643816105589107070956112648 -2.9255090001814568198739897660
9.1 -0.0017531442288682858205689634 -0.2446161448109721072123481207 2.0367743445019160635198533784 -1.0108192862093588057173787831
9.2 0.1887266060778001315078220556 -0.2814108692472624401547691456 1.6978887938811188861443325568 0.1176073638476741811958846881
9.3 0.3339161160211521368346832905 -0.2411799374259653090378834422 1.2078809274643275531465331754 0.6249574173979597488628785076
9.4 0.4315064122798089236997663385 -0.1648698434050261597573681272 0.7506706588601276917297971538 0.8719153072075634532696659497
9.5 0.4851948308749721162396620428 -0.0712692650310994221294339478 0.3274980462133421677017492667 0.9824083535425848414358425428
9.6 0.4976022297108046263404197977 0.0285613229285448401251485727 -0.0777661068882055424308752045 1.0003550373911476839675172626
9.7 0.4696885256973336296518624944 0.1260605720135492972020851019 -0.4815947700872427095395217847 0.9352791558019583547748442983
9.8 0.4008126725663152378203387825 0.2123473263937359828805184485 -0.8994592193117776645782103499 0.7709392959071726160700917580
9.9 0.2889337879296776062435004743 0.2751838277310166974553661321 -1.3424929080781560208958632739 0.4518947534273409424650562017
10.0 0.1320954548246276704447874284 0.2927806427228058744601005264 -1.7862027645953632218116755058 -0.1738560458569335543626180517
10.1 -0.0589262216537254090442585424 0.2167758234376093288207890084 -1.8930142921317134497933712495 -1.5212288439389136157645768613
10.2 -0.1647135613608352637987074756 -0.0281472313105686960514195394 0.3760873782418848096610713513 -2.9713047154598826158861953903
10.3 -0.0122814043054505687250403229 -0.2386588161030903604992701212 2.0383356636065081726818026308 -1.1019280341546772536239972540
10.4 0.1802256872616809864452887108 -0.2814992396139559096230225267 1.7253721951250644416296846498 0.0793951141962157407576677415
10.5 0.3281451495865152557745881608 -0.2439744060983870050943980653 1.2343143894112708309537888592 0.6060088962316452894581809303
10.6 0.4282864610780696579389777904 -0.1690966614287284959666802566 0.7754751860084150352763813681 0.8612687267691052909653258770
10.7 0.4844363092355374192730157458 -0.0763023586631677389476627552 0.3521846860559397955565314410 0.9766556898171021010350328617
10.8 0.4993705646277973481599849563 0.0231638432266959002882127134 -0.0516665540272499604390750958 0.9988638485614969644416023216
10.9 0.4741997909593377505231357586 0.1207653427697867572641260392 -0.4525826881563788334756078973 0.9391478128494398681184264590
11.0 0.4084342745671708455503014564 0.2078324971113252200600676312 -0.8660216169850898712848022768 0.7835105541245958394834046656
11.1 0.3001650677258400307875776770 0.2726689484484735850651898934 -1.3037772572939889590670206659 0.4814032070333872806275553686
11.2 0.1472956001415207633582118413 0.2948775883099888946080810424 -1.7481989050279362406065352810 -0.1052623227435450051179609902
11.3 -0.0421014641479003397003023386 0.2298626210377632496416240876 -1.9262081031813367084314819875 -1.3594956350565389005447816702
11.4 -0.1666172863094758060282908328 -0.0014501268414523588067776515 0.0602359140919775210960322470 -3.0003648562347589746832282497
11.5 -0.0300388953352578261417192777 -0.2279645083777647313558608375 2.0273469690850656800967308325 -1.2595950836101911880874322151
11.6 0.1652553910942534087386910141 -0.2812493055484274675722133663 1.7689163131886495198194096349 0.0150888592855997673864646314
11.7 0.3175184296768319973190724754 -0.2480653695975316525552420084 1.2758487026217300116579859879 0.5779384844538969589036715286
11.8 0.4215448503233619498701454335 -0.1751174142142341617389894825 0.8118131637891655844568172064 0.8488714253244282441066854857
11.9 0.4811345738646550937449830830 -0.0831053783334194746177070149 0.3849625492132938629647594689 0.9727165062036969340787947554
12.0 0.4992460652908406829783761515 0.0162726247080753251822149398 -0.0206067021808081909498643927 1.0008384834797973598815104625
12.1 0.4771663994330073418345004460 0.1143505447899131639232194842 -0.4215455578316697095630580218 0.9468312025847321201562902875
12.2 0.4145711256199796492352686777 0.2025428519902208382821038583 -0.8333957299298785797143635922 0.7989018808973439587006649306
12.3 0.3096971711741955930254166390 0.2695280078647373594019712065 -1.2684374289269597382663787849 0.5105651629969497493223976674
12.4 0.1604025830799040999922923022 0.2959702124926386632746271910 -1.7138265832113579715547094750 -0.0451465174035934410808506795
12.5 -0.0271080850125800823852975440 0.2403019713517841435778916508 -1.9428145697319157534330057293 -1.2224334144988218360768376884
12.6 -0.1660735416833572918757312535 0.0226049453664484698554013824 -0.2232613802923319903941960631 -2.9803253647697387045174557797
12.7 -0.0461254839509843330325170836 -0.2169234473996074292019504906 2.0050864393549253775519634409 -1.4102776094458248943614799764
12.8 0.1513473863272403413378770541 -0.2800940191644216579529798874 1.8084945694361836281544155792 -0.0432680917016406203006976994
12.9 0.3075245353539632789166084381 -0.2506175086063474343411662261 1.3124066149146836231543376854 0.5563391021619416625937311519
13.0 0.4148424234698933247620176976 -0.1789749334644094681444350286 0.8412022501799677582192129508 0.8423581183453615559462877301
13.1 0.4770691901459373369432856535 -0.0872158873945982683568894531 0.4086040113947568859766438533 0.9733666481609584841943680322
13.2 0.4973269424827156921003294048 0.0124375124265977022308351047 -0.0010688301649220201283290759 1.0053481195198244450873717501
13.3 0.4770557288673061557705740319 0.1110976302949429002298713196 -0.4046922224121728244047583021 0.9538500966577510880228078411
13.4 0.4160659181865605281228426155 0.2001083965692667443695085374 -0.8179258235121104457734832655 0.8083482934874490060015776892
13.5 0.3127220152750770662606510085 0.2682166383265745913425495656 -1.2531235302602974039979541567 0.5240802095800363493529600388
13.6 0.1649679471505187672183700284 0.2964321702944238419614950246 -1.6986742221542869270612039500 -0.0214689359815807240024417301
13.7 -0.0214766778224639792768052114 0.2443643077699228106426578861 -1.9433623521503884000863871011 -1.1692499314011980528173523137
13.8 -0.1654020357138795542307137605 0.0326729573934537663632701123 -0.3366747068393444870794064654 -2.9564318210319999480620758724
13.9 -0.0528938789699178586074385590 -0.2116217245767948956366910081 1.9942997805002686913271784416 -1.4739482648218976756320489831
14.0 0.1456281712261736378535922620 -0.2786905260963035841018855629 1.8267207863253958918052394318 -0.0624177100868789664143985311
14.1 0.3034564075905969942999779866 -0.2501015378073850685140108610 1.3261417019919928702399766096 0.5547087382923194122743960063
14.2 0.4118266802912324114271708706 -0.1782655063125288163272973302 0.8486236225564829689278706127 0.8467632063313420811368025883
14.3 0.4745183735715451242065578822 -0.0859645006751201841958368130 0.4106518540450433136352235612 0.9793056376680875632468483571
14.4 0.4947511136153603992662235551 0.0142591673128229640753242306 -0.0034860042058997588909993854 1.0105086754215106041052317961
14.5 0.4740442775175323732474447629 0.1133250965691486608285165032 -0.4108852611213430990784253423 0.9565275009312057365351790528
14.6 0.4122719501359050689038224608 0.2024032793390183588164911402 -0.8272680285256532091012975268 0.8066477431327936757369633393
14.7 0.3078750399155526026347471887 0.2700059774437152138763762410 -1.2645789455418872095907456444 0.5150015597162759432641791155
14.8 0.1589905062190040033892230975 0.2967123174323704432145034619 -1.7087379019621268225305257646 -0.0440503206277096112242825190
14.9 -0.0277621672629289548843383256 0.2412146362731175443186468209 -1.9327201481079143328592060353 -1.2174702405729232993053718177
15.0 -0.1665071448268395245051793532 0.0248421052843321549136008847 -0.2390894946982005310486421848 -2.9672030837723636088916467355
15.1 -0.0475540688070689825319103746 -0.2150981299842639335547402129 2.0114275814466756227410737331 -1.4161919331293594456156954160
15.2 0.1508644693721837719681733463 -0.2777581647286761343387968300 1.8161991660376496245821630405 -0.0295904473660817298999685116
15.3 0.3073241885321218687873541068 -0.2465393176528173929912118591 1.3101979404723609719749433321 0.5758892412964724059005736621
15.4 0.4139450907122277378966660736 -0.1729395129062326508236332999 0.8296906428583691102867146098 0.8612584431133189717738385914
15.5 0.4746062272529794205295020938 -0.0794630482778140431007766149 0.3889654793366627916981329103 0.9883806625382265858140853294
15.6 0.4925267610140961504567200472 0.0213928717020337353528943597 -0.0280843845732671825923443297 1.0139534212024286838366085712
15.7 0.4692028790983671679573500948 0.1204714243515321750682195249 -0.4386784359951371916885523502 0.9530030694667144505225041256
15.8 0.4044810379518439455203295226 0.2087333416113030336113758811 -0.8584744372432214449487233716 0.7931342434513184637086602456
15.9 0.2968108893165909245980043182 0.2742327723218080564456000186 -1.2985341877433606691030905198 0.4848183638808553710233350235
16.0 0.1446017422122783636115362556 0.2964735500677667526126436295 -1.7388826356525555304779831391 -0.1074171576736989732560733066
16.1 -0.0433460354058081518364121131 0.2314422916334653055276916422 -1.9070601058949357984653681966 -1.3525029050537285718406992401
16.2 -0.1675221203032249794193078781 0.0021743935960757886446391765 0.0345401672397797073895763555 -2.9851287878477672602119843605
16.3 -0.0318989169776554721164428020 -0.2250808552449399723207160499 2.0423922292827096132374835476 -1.2632595117776379290258343561
16.4 0.1650392686610524325589983934 -0.2770063188515980807452535392 1.7804193020893187679025708374 0.0412786797419589550953595490
16.5 0.3175989802543248502097668987 -0.2407107343932010027166498867 1.2703029317193846419235453701 0.6115398993046549604209278647
16.6 0.4202905165845923356384248910 -0.1644699115824388833542253098 0.7910818823806209982302524516 0.8800836996186229301319960483
16.7 0.4771414754105685047150672653 -0.0696683351313423633553237250 0.3512106336865167692664966047 0.9966262929908860616103758885
16.8 0.4912865526437416211779824610 0.0315722400352647322589418728 -0.0660134224502764033480909225 1.0134936641384451292105979251
16.9 0.4641184785908916247919509487 0.1301570662113644060995396065 -0.4777934870635564650062150366 0.9433190481838797820202268435
17.0 0.3953902628087360225481184427 0.2168754873689121599938648164 -0.8995800802591144928154707016 0.7711447659345417912073230774
17.1 0.2835137812525158924952273759 0.2792599993265817940038758535 -1.3412336741281897457323584881 0.4424726181280119803656842674
17.2 0.1272169328129507520772797001 0.2954604218261088167084817291 -1.7747094123747370005302104856 -0.1914555795400038240061479789
17.3 -0.0616707841332431935641405718 0.2179379420131822381492819361 -1.8620787301849780573711569743 -1.5271800902268433577208491949
17.4 -0.1655853432806200020763518211 -0.0258728376248116176007126393 0.3731944330769410081851088112 -2.9612790076445524936248782482
17.5 -0.0119587580135561293412665279 -0.2360167240739721759861738375 2.0634980575227432636069164458 -1.0853926733665583828957755726
17.6 0.1824146949123184789139686656 -0.2757632470418612790699632177 1.7341711619569321869892784244 0.1193945995571677180322624344
17.7 0.3301613215638584605182485658 -0.2340543871061915854766839496 1.2227532207004327138256831942 0.6475902244820782041989304712
17.8 0.4283115404701437712116133198 -0.1553084642919261516316958428 0.7478679082044446668868893860 0.8961929516590033308942724063
17.9 0.4810370811586148541855195809 -0.0595301501887382284351574778 0.3117262881071461534084093702 1.0008436066750025657949163094
18.0 0.4913715870146486118797168889 0.0416751531871436742392325739 -0.1029284804212972394219120541 1.0088300848301691987717269134
18.1 0.4605964462276141828814391896 0.1393784837049903595878306520 -0.5131753837664636394119294350 0.9302598763954938121437902003
18.2 0.3883733997590647553824051045 0.2243079034101393948872009191 -0.9341764806081815432631242554 0.7478803450491385380443128819
18.3 0.2730804210684580911818563266 0.2836389673726976140648799608 -1.3746839604109669903391128557 0.4031268905126889807332920644
18.4 0.1137242276034006600893366768 0.2944890862152239137726194790 -1.7996257969754890298934787882 -0.2635336120740496576639651663
18.5 -0.0751967827131084079681600401 0.2065744769747117202420917033 -1.8131023879028323252725247620 -1.6684134346016588413567291533
18.6 -0.1617059951417437089375936973 -0.0470932132918583048245147948 0.6287025068939989938294585667 -2.9089359261751047132574991059
18.7 0.0039964952289885440540568408 -0.2432676600102490267240124011 2.0710439830792428288352409036 -0.9553429500675606557306466327
18.8 0.1960861302349051379978080507 -0.2741942998299857197529146808 1.6981433430324901047374801935 0.1753248687455392455898818140
18.9 0.3401661964389207466168085352 -0.2286965879559353747339942890 1.1872026733292806502000303498 0.6717034255296911617063335937
19.0 0.4349934899440942901416925170 -0.1483923657174338633419947204 0.7170619313886224348266675219 0.9048261473658269297755233247
19.1 0.4848743699545190604886388847 -0.0522371536175036291478234359 0.2855547141523284422780167432 1.0004311726687541273592187530
19.2 0.4928018524137470790718568980 0.0486038235138602230783608617 -0.1249750136598750924350767142 1.0022806003532284493339017938
19.3 0.4600122237984233086636196327 0.1454064316888914272842456987 -0.5314606829104782067269856803 0.9189368817735647089468360635
19.4 0.3861428599477118534948423501 0.2289861480789391431963729769 -0.9488072540729781246780178538 0.7322064213715086221760258229
19.5 0.2695820986601316962351639143 0.2865119807572386650281303550 -1.3852663944598590834470932680 0.3824607863775632974228907856
19.6 0.1094499960744039553559604039 0.2949369062559577670049273995 -1.8037298708044145664622037961 -0.2922476835427905785418270035
19.7 -0.0789984505620126645263919656 0.2034340103519136960517333583 -1.7928572946338335282756140990 -1.7123354901469946962374009692
19.8 -0.1599878830015092302116368568 -0.0530361467040606166078062462 0.7045386428045463311553489893 -2.8916813980042130806070922761
19.9 0.0094248575265347243133001812 -0.2450476014798947458716825048 2.0756490851747622626445425517 -0.9159639614400561890003204678
20.0 0.2009907959043927114259675222 -0.2732670811435796310336975332 1.6882746460353677855806790379 0.1922979365064579043458417367
20.1 0.3440551533755329920391598714 -0.2267026418108299631026199738 1.1775567235624449611696999614 0.6773471566982247663531507111
20.2 0.4380462519119731211070199867 -0.1461634234784724596047046828 0.7101684616655416269368699370 0.9044692076857264945419762546
20.3 0.4874079102897247431512203321 -0.0502267839006566572063795722 0.2821478909556014004082021862 0.9967598157448067849686841747
20.4 0.4951889606855240025270875020 0.0501582803125802215867468215 -0.1244150832917371950855914338 0.9971134103910459424090424336
20.5 0.4626762082616295304400183723 0.1464422436535084032024842520 -0.5263781544106737048613845818 0.9140647271379947614557299622
20.6 0.3895694781718821800018062585 0.2296506156988097642382224688 -0.9385207785228248305917484061 0.7302115317170639214722635726
20.7 0.2743180196000352371817345386 0.2873131902593120148455535036 -1.3694133575960201342962269396 0.3884158962678589103326451585
20.8 0.1159423593336412886522116703 0.2971953880031956545999306129 -1.7860997646004173157250518787 -0.2658270258598601324944090926
20.9 -0.0719417882134018428706893304 0.2104572710224289730692628029 -1.8152087471197720328102736365 -1.6398830731754501272912737631
21.0 -0.1622542153529406182046004354 -0.0414960636839604368820805409 0.5755616721049822884714249631 -2.9343857425498707729144061823
21.1 0.0021288811462601731905844307 -0.2411821731180111013298324054 2.0817584360827354649122386686 -0.9784592835749488748301950849
21.2 0.1954082255733735850909714095 -0.2734789354683676359512702188 1.7091363690694946817522406815 0.1667647568109551227495057447
21.3 0.3405053228082071331717115733 -0.2287440853743342384961857234 1.1971212149187128506049821595 0.6642057773017473969188021890
21.4 0.4364031577925991197520590980 -0.1492338225968711670591631241 0.7289870164695900979105989966 0.8964428279748567730057762859
21.5 0.4876717818964564661391451668 -0.0539350960562078437938900076 0.3017060150969514160149014205 0.9919119273497696777155688191
21.6 0.4975024432824013406130816719 0.0461204727445712438880066829 -0.1027641520609475749168837447 0.9954935406108665068804986251
21.7 0.4673133791932398471278063637 0.1424574092486914498971897401 -0.5013386474258838896948689752 0.9171160386448993201575614019
21.8 0.3969333246037537184362668914 0.2263370115180206811669221420 -0.9088347355937114883870743692 0.7414269443759526426802346247
21.9 0.2849111719738775702445874375 0.2858353507835540314599993721 -1.3346498278277088653181160149 0.4159538478909594727209775305
22.0 0.1300639554349849282943355359 0.3000758690372437149069646057 -1.7531925864205016852399058962 -0.2005996886110896500813863395
22.1 -0.0568448748657714213587163218 0.2237445106202702885653433921 -1.8564846880444759314162426370 -1.4886432980859310346316573923
22.2 -0.1657454900317554066197060659 -0.0168310399668996291696951465 0.2858638301252419403214312417 -2.9876445769667555698311200662
22.3 -0.0146825501855475065831562469 -0.2323054062724698940989866823 2.0813995314482446782808042381 -1.1223960431484788055916272342
22.4 0.1817137898294166931824825893 -0.2740175386337446885401469843 1.7522293763844920830373137149 0.1092840514746984983766268976
22.5 0.3310298752891018701778242659 -0.2331622664144386303414639474 1.2371203155858996399650988034 0.6390668612791854150690507618
22.6 0.4306748811799274890599483241 -0.1553863460924734061089834274 0.7641885611051915653336883048 0.8852513773723404788324572257
22.7 0.4853021234681679989860746684 -0.0607918334815679068092422845 0.3340109450763617575590564362 0.9884458341492531020380565681
22.8 0.4982978876005840178705143091 0.0392112276249434248359355984 -0.0714738447517849859832677788 0.9977915523550086330971249577
22.9 0.4712574662192293076262306274 0.1360696254945452321967929665 -0.4693887164810767896499232148 0.9254611001413118393663852786
23.0 0.4041697101654754910641040441 0.2211814558717836113619881134 -0.8747079458933238117057409550 0.7584210675738111612153504263
23.1 0.2957093711099533082895563633 0.2830756912392215285781295658 -1.2975933230051443113837181796 0.4486935014771156267634829130
23.2 0.1445601421765715718318714645 0.3020897024099235243898120547 -1.7186574269145411337179409156 -0.1327385982906706396731664963
23.3 -0.0408744929532498578884729961 0.2362249771791125334733177001 -1.8852496999781394731823924894 -1.3371892516990851409020321690
23.4 -0.1669512529490937135404471315 0.0094342993133328610577252915 -0.0254999772015827584165511712 -2.9934451928610726753082716302
23.5 -0.0327131016494033277076610972 -0.2214759010921313849411830800 2.0677638027505834255250578455 -1.2851165563779422088867220991
23.6 0.1665944273807302315703208282 -0.2737498051300203960919878753 1.7978152943991642662571404845 0.0471109005376419635487154118
23.7 0.3203497191965965536740988512 -0.2368738618429421334828462393 1.2784006099241268251989826548 0.6155157901789562797382530580
23.8 0.4237358760702268282524119233 -0.1605526932330447832054854224 0.7979483294393751617716937894 0.8776392740133858532146628022
23.9 0.4814388436912251021902205494 -0.0662862065946008865227220932 0.3621075442543806957099194990 0.9886972577089685458231991565
24.0 0.4970415286935205199947198669 0.0339917721117320602218278456 -0.0471437096897731409367853322 1.0027280880810255815709007547
24.1 0.4723132459088073647405448960 0.1315295253292102790760407794 -0.4472287060359747758115404167 0.9340754772451852734465536927
24.2 0.4073924172714999092836283157 0.2177044028919894599811738402 -0.8533065373530302659207308454 0.7713236586637635317461110473
24.3 0.3010834120442763281374385779 0.2812163305133665234973398273 -1.2758550333455981602286762403 0.4690020227178001694729510357
24.4 0.1520930149637718908084070748 0.3029832558612057551771921633 -1.6981213094214057335490922720 -0.0953516713390516555463375682
24.5 -0.0321631285589984098251168585 0.2427584823594946843702952610 -1.8933294506687567462880922923 -1.2554194121709767201127614399
24.6 -0.1666134982674752061188655498 0.0245106213190900115888561974 -0.1997843260496083371008300876 -2.9715669329737524719532509181
24.7 -0.0431243505265396679361602796 -0.2143328701876533761497152702 2.0547563443528670248724381812 -1.3820074841911466946721101207
24.8 0.1578317209113610985674754041 -0.2726817382537489972614093110 1.8251328587332614785217567904 0.0146966625161702042914366454
24.9 0.3141333398336523005240498681 -0.2375955725903047868795603857 1.3006501204826759022400078392 0.6079306640466690398243680835
25.0 0.4193726493843849488667832801 -0.1615031178860645765188380580 0.8129306810691389850538479394 0.8791921955886644344661697766
25.1 0.4782663759725719727437478885 -0.0668863960923137435029660946 0.3711817913157762650384835472 0.9935320807730158260616223374
25.2 0.4945364123417778147583600411 0.0339194402201778905020893410 -0.0426811191776929309766363888 1.0081204697723435369681417684
25.3 0.4700670805714541266393652738 0.1319537492632961877059870732 -0.4463580679068399727286934320 0.9383796433681998564244088298
25.4 0.4050917268454103122028046491 0.2184476801161882624722081852 -0.8551080741052531583982510697 0.7731671722898700639636384508
25.5 0.2985156790559446177621399735 0.2819562016128899665133472857 -1.2791369864508307351583260785 0.4667741218767006753347355786
25.6 0.1492183736824242753001669970 0.3032010049760417018967077411 -1.7002863529305833135319241865 -0.1040658102108113856644144563
25.7 -0.0348809031724305985370105113 0.2416594450630003044808078826 -1.8852787637093781500751121811 -1.2730341285437151495988745020
25.8 -0.1671070717327654985893392341 0.0220139638819704774721517428 -0.1650915090083004499971529930 -2.9703451585654643690348399282
25.9 -0.0413983640901554994970253714 -0.2151002650355332181254045671 2.0626914309296326803242668959 -1.3603080159852206414722197099
26.0 0.1597353695133386869178142590 -0.2715082756693383697780477890 1.8226593137665794354836438543 0.0321338511452738219031765868
26.1 0.3155142249626938057291772988 -0.2348308327367116261867898133 1.2929727672988584396278042477 0.6223812202842447543166491603
26.2 0.4197774329933279715789554705 -0.1574421964103821279402887894 0.8012011899785223667903952491 0.8906079638852625916964763679
26.3 0.4773172067998508811998916997 -0.0618555484289515221103844608 0.3558846759228803381036472843 1.0014023198492419542809485045
26.4 0.4918885733426201340203735525 0.0395252235882887849869099870 -0.0613378457666274678883926340 1.0115616318354058913042452077
26.5 0.4653888280715446530119533180 0.1376232815918144535954088747 -0.4683009542122019242347160580 0.9358859938979488581730731981
26.6 0.3980595895414996804995072262 0.2234640615073286263462195369 -0.8801890917338252078397053128 0.7619697619044340255127244996
26.7 0.2888519473903479677481308630 0.2852007210538932403898656889 -1.3063366290894737132128690456 0.4411666689314778343316853143
26.8 0.1369341941070564914556667536 0.3026592386331072687421616712 -1.7233261937641498852568643156 -0.1575982818745468837179210209
26.9 -0.0478666047466275964747999062 0.2331615461953524825737699499 -1.8602344967461149476754281420 -1.3843649200419123321684583634
27.0 -0.1677143505031644218748399400 0.0030474639573320276264279147 0.0643640838327826700634971290 -2.9824290272417084090517328504
27.1 -0.0280491898339020772668454579 -0.2230829718161607360363016616 2.0868066435219375909837388626 -1.2288758627800962280539892232
27.2 0.1716458374312000126569485633 -0.2702807006207315729585792653 1.7908264350239665683044421367 0.0930647471017096136952267666
27.3 0.3239731800164190341604540654 -0.2292078739967894410964736388 1.2576249239685428993919418290 0.6535802280950097796588305053
27.4 0.4247313927039676174728466666 -0.1494848606612150451649070975 0.7664862381307961744880366177 0.9074486089680536550666993759
27.5 0.4788147360206941032899057368 -0.0527041186936600187010629679 0.3213288995586625509301100686 1.0088758912321358017583844053
27.6 0.4899017522846854915734003986 0.0490183933533877475513716445 -0.0966145165446382338244713706 1.0109457851797322126519391272
27.7 0.4598036416837363438584999538 0.1466240518349480611493107291 -0.5051158675876649794395467254 0.9263473061858477971470017574
27.8 0.3886906506349190120716446324 0.2309442204263811929609456543 -0.9190916127101354354927310552 0.7402830593743714480780732965
27.9 0.2755075799512683751676395415 0.2896065602533283573657675556 -1.3465397650011877116848589084 0.3993837499249351292660272236
28.0 0.1197886524711580828252677837 0.3011258190717013934270010225 -1.7558545180146485013732003251 -0.2398652068886587358454260524
28.1 -0.0656358773881045233255934865 0.2195199938532039158136966258 -1.8135773019801021769497858527 -1.5522535215699448189619989080
28.2 -0.1656300050365173555242185997 -0.0246072182343689501048638417 0.3984751673602684402035664733 -2.9595762826168713700272405360
28.3 -0.0081021054195809513999894779 -0.2335056038578355100777590408 2.1048733805881139489959978837 -1.0491433746277999139294086616
28.4 0.1887370256928317682932487865 -0.2685005125507980265098734168 1.7423223486057078051189324233 0.1705312259346480796402445884
28.5 0.3360800973714480929159560092 -0.2220855008862129931278927485 1.2087374507228550219607277994 0.6889933073316323530975242798
28.6 0.4321753803839740554370864926 -0.1399075175562754972616134157 0.7220935060179254507955787894 0.9231754242341377201776290760
28.7 0.4820077064265706783975245939 -0.0421827400563198402979237416 0.2804727237926696994406060890 1.0127823383125395401583849752
28.8 0.4891298303411298706846849151 0.0594662450445376970755944716 -0.1352640536315042595032064043 1.0057786790430075587096402859
28.9 0.4552292631953850772519906883 0.1561163821746969027884806954 -0.5426793080486414924183847491 0.9122411569753160432901077979
29.0 0.3803806020331980222646294091 0.2384941213977386952698638031 -0.9563095823149620214863682945 0.7148781639443923249856832301
29.1 0.2635062473211918934310106339 0.2937948651654587897463268985 -1.3827676893082018993099028933 0.3557788633765143909718270129
29.2 0.1044944536468647078047480051 0.2993496281808620111359625236 -1.7821559364222969350728710769 -0.3204736305096207515763106923
29.3 -0.0807454331302053570656214175 0.2061437491246631892462018373 -1.7559714961443338570552139907 -1.7092911274152760961763483230
29.4 -0.1609224926985886911386965992 -0.0488679651848984833386000835 0.6904363053766499562951343680 -2.8974183462331715975155309062
29.5 0.0102428220076285646145239222 -0.2414132345514060152673998517 2.1092491748571471865670736734 -0.8982549701923088529317372906
29.6 0.2041070016223574836483525977 -0.2662975250005444441875330079 1.6984312395369298788332764842 0.2337595680131876906283363636
29.7 0.3470554299097717206187712766 -0.2156268230727978077235485296 1.1665375472757028091914741664 0.7159179579769235292348546327
29.8 0.4392126625612665580003896089 -0.1317102249909670044597115693 0.6855399185398623364470112560 0.9328223387268013623932215089
29.9 0.4856487966124712119566614471 -0.0335618787358943962100354583 0.2489442181081444897997435850 1.0123467159173596535193658214
30.0 0.4898312822770630542991753517 0.0676751387208597224623830125 -0.1626616632673308240041927127 0.9982862815552681052244609567
30.1 0.4533686470880808048898662041 0.1632751207823216883491669849 -0.5666097745381435361795515124 0.8987977515495779072179810918
30.2 0.3762847702769986946076154250 0.2440046343121775831505633510 -0.9770978919673184431544716638 0.6951745243124057222790771016
30.3 0.2575020358643582976442948156 0.2969360669165898827795759491 -1.3999236510477364319511466828 0.3274233416887831555488510658
30.4 0.0971021763262785563582375953 0.2989461499917757532600842478 -1.7911162998929728680452169843 -0.3650517772270101218201600769
30.5 -0.0874943956298138833816629087 0.1997824689479697322021401971 -1.7207615451749913636817147793 -1.7855087621290397032464232811
30.6 -0.1577025288390334069444125081 -0.0597870129650991573227549901 0.8241710139447119990410023272 -2.8580726017645752635476766316
30.7 0.0194263230418538674865898782 -0.2445083975368844944301376847 2.1107865317446621906395515114 -0.8290314324860532197399417322
30.8 0.2119327221906944695839236609 -0.2647447225377224194435022969 1.6784201814415623769412156428 0.2625697164049535069771431188
30.9 0.3528920843193430520774021296 -0.2122114372724579056857841652 1.1477654298805863840632250488 0.7266557111021748004991728379
31.0 0.4433624633809876161302167843 -0.1277181892776475226667629511 0.6706951532171827214603886693 0.9345401645284513393111683017
31.1 0.4885251718638800737801269768 -0.0296738338276687898657208693 0.2383333017375843878477319287 1.0090119518876839097250346511
31.2 0.4918614547239325155268993597 0.0710734782937972152630759649 -0.1689538176139222823025509186 0.9921327638594061317880744970
31.3 0.4549935771546981347585307160 0.1659896422321225849987905644 -0.5683724252519802401934755166 0.8915643755118266601235650025
31.4 0.3779749833700950178440526351 0.2460228026838084992182424532 -0.9739601498880902524621543377 0.6888910792469967959683023173
31.5 0.2597637651521626747865372479 0.2985079026809724525214769322 -1.3916583089423883414436204436 0.3255996728393405228041749032
31.6 0.1003791522269373079914563269 0.3008605207645259711255903261 -1.7801215129513046289319753535 -0.3543393685000640770806485110
31.7 -0.0837854734672370059057005068 0.2040583590957216401026435201 -1.7328759199837070084117689981 -1.7472263053914792341693784707
31.8 -0.1591370673815368940734861576 -0.0534356023399495440959422202 0.7571707605389206049878401515 -2.8877000933707140196104878943
31.9 0.0158005559808458087360214686 -0.2424782190232370236248489943 2.1181506627199345426921963093 -0.8610709860913396449662905033
32.0 0.2094623191365995537135919588 -0.2647447399602566463284681519 1.6908520583901442180887324256 0.2499533649109160068603125008
32.1 0.3516089048733405384518758057 -0.2131579229403168207451055822 1.1592132328138062209828451886 0.7192779009382118300245119162
32.2 0.4432292499157420975430813333 -0.1293002356400807245285115089 0.6824902148595476963058796775 0.9289861950105644460883799133
32.3 0.4896444875543190016696526907 -0.0317447898288069009754382074 0.2517832076292323524778691526 1.0048253528776971955374991150
32.4 0.4944544014048026623474826880 0.0686770244383677083591945144 -0.1527575534490001209447930982 0.9899983989987469110274245697
32.5 0.4593866481391222631170119152 0.1635474110311929361082166690 -0.5483934944705304715959091095 0.8931728107795077565386839129
32.6 0.3845967095964326399467537658 0.2440607628693435065522985860 -0.9492267326580361194083799059 0.6976944752675411017315908841
32.7 0.2691100038972057519223655102 0.2980745317535241580332883104 -1.3621093058911568425986060769 0.3492620307243516185671125194
32.8 0.1127014931955546298506100398 0.3042596419588148325577947969 -1.7530845102248260232862669751 -0.2962947912908958529755004471
32.9 -0.0710482674458630459477437142 0.2167126344361196720333117928 -1.7779753000465537799601914914 -1.6142587692508154342776752552
33.0 -0.1636360024275060841328438004 -0.0319608852625459108969039265 0.5080074519761881156050770311 -2.9563398331561421514199486985
33.1 0.0008533880339771612988214732 -0.2355577793752872997965833133 2.1261896631276874165647904415 -0.9849160564513355288459716233
33.2 0.1977067128356242481824638649 -0.2658218447199267745642465923 1.7310259263326878761701906129 0.2015889821473176451922305420
33.3 0.3437239282267035095943509438 -0.2174980050465748800164353552 1.1956498026307048553093047732 0.6980851011199692399569129143
33.4 0.4387662766871762302565338157 -0.1351092112792530508540102844 0.7148118513796406924611973000 0.9194469948625054556670371956
33.5 0.4882929967006755050100863417 -0.0381532991584839218212188092 0.2820227085057458207732677318 1.0019392179257487890928221170
33.6 0.4961000887454991199619074006 0.0622486704005843077929772523 -0.1227741513553034767537992592 0.9924559246977959029485417819
33.7 0.4640842086646288358686053465 0.1576552541951959305717996455 -0.5170921860274107529806257780 0.9017279453951712569461962275
33.8 0.3925480857987670353333819123 0.2394443487224547247095765662 -0.9152613964574460312981191745 0.7154431295798340133834967221
33.9 0.2806153522999077311775330105 0.2959856922399221038123631325 -1.3251713450531861381152397556 0.3840425736320633349817852436
34.0 0.1278363787894063229817869776 0.3072661691053628350715947694 -1.7203384822174762427875113448 -0.2237376814515009473475653151
34.1 -0.0550041117798798550222783238 0.2308259270014409929966571468 -1.8192410881875839357406721192 -1.4557455213608443867471842801
34.2 -0.1668175015330437594596322777 -0.0048185356939159422560127632 0.1858897296346279179038091053 -2.9919179889153275155636114090
34.3 -0.0182678580441198026118965038 -0.2255925374346582701996308882 2.1231772283651402018712346792 -1.1510414400440433632599374774
34.4 0.1821689544846067639148233519 -0.2665147447142000861794887466 1.7809094579206271825188612065 0.1392189494358837788448208363
34.5 0.3329709640455641086607790634 -0.2221934664567098360129937078 1.2398982298456680318354356943 0.6742411155896829396114801763
34.6 0.4320403116066065655197392300 -0.1412896969967857414115047819 0.7514208664748351112718305621 0.9115630252051849285037345035
34.7 0.4849393943682557304020251858 -0.0446773076123822042612511002 0.3132435348069045429335059289 1.0021976516693911825802989758
34.8 0.4956875305311911135670439624 0.0560263728129705524573832893 -0.0948637164726570193413515231 0.9979777573270055178338291965
34.9 0.4663691237061654291666134350 0.1522163416489117580393852464 -0.4907938420044913467407412997 0.9119239144446830956091578939
35.0 0.3974430486029882468378804082 0.2353038693463083140703594627 -0.8891450841234722914329369327 0.7316286504886490997123719911
35.1 0.2881532612784567185199059707 0.2939298454078159781652935325 -1.2984169681411668364380622357 0.4107414948360021660614573251
35.2 0.1379902127472521903407257056 0.3088800341409339407255393912 -1.6963023779716668389033340180 -0.1735915609109905595667003457
35.3 -0.0437930560717055080194307418 0.2399419685209513212494507595 -1.8376985814524149954666624022 -1.3485924508544676842513115091
35.4 -0.1674651786118100888814671962 0.0146632240236415068027812893 -0.0426986850124016686727703978 -2.9819566297642952912295925728
35.5 -0.0320590243168822004301975338 -0.2173010325446539608852379431 2.1126533643001383875856341359 -1.2763408556727724120918409159
35.6 0.1707857778659352687474480208 -0.2660936148687377136934560495 1.8173244182222335828646018086 0.0961530659708185694504626372
35.7 0.3249939203028361705897673208 -0.2242812174588429005533073566 1.2701455099211275263684808657 0.6619515173839083390511190616
35.8 0.4266655349340512851168325045 -0.1439356571967628567264168177 0.7734751097514260274279243334 0.9109462094534226744238687738
35.9 0.4814370043185723730792410809 -0.0471103922313180627540983483 0.3289498760785700421942733920 1.0063685133619155419034073476
36.0 0.4935095978045766214729497139 0.0541175786344452765649483158 -0.0838375851535583208391512646 1.0039580083083366240520644666
36.1 0.4651152995133129764943455431 0.1509303701502291973902835663 -0.4831406964598270335889246443 0.9182226348941144591255205049
36.2 0.3968334842477628710240673865 0.2346290558334160010027599874 -0.8837249236947230057633754126 0.7374691581074664631052523192
36.3 0.2880233664550966374633463276 0.2938059771337831652166263227 -1.2940259700388779648286227968 0.4159642910600961138118513537
36.4 0.1383048806377739338559043949 0.3092890374931012037653726576 -1.6916005590571450636571272207 -0.1676984111234680847332349490
36.5 -0.0430213089561807527776487439 0.2412078049142138884414097921 -1.8347189962881776594418584746 -1.3354186486849267107052673033
36.6 -0.1677290103755393793541358308 0.0176358786131926281580066675 -0.0729849199653640157110712363 -2.9733249227089420599478802266
36.7 -0.0342111412002907887580316386 -0.2156063025693981746967403055 2.1140040372298191656271896050 -1.2921932553282753874947633388
36.8 0.1692860912292171432906656470 -0.2649640807663595429917747044 1.8242172068090865458602032144 0.0983421884147196802221796097
36.9 0.3239157044104629934908518399 -0.2225769038902144886811950768 1.2714893472590052014544200006 0.6699145327104190907264959167
37.0 0.4254494593810961603095860578 -0.1413794487227543061150541078 0.7695295951083894282106783129 0.9195083492098439388124778510
37.1 0.4795991665027470248427320102 -0.0437665643837740869407529881 0.3205867790508357169453685384 1.0132816152242041936199317796
37.2 0.4906417161092020091246335117 0.0580073223063833960746016347 -0.0959905670298950152509427657 1.0077248387291216645099027475
37.3 0.4608614570211755943267013260 0.1549750406234179027246816022 -0.4986390027403462412991438265 0.9172461568520183905305929529
37.4 0.3908818049859807609177027737 0.2382445109443828783455711235 -0.9020736724398342396119840681 0.7293404180938884214651714731
37.5 0.2801397446952117237564595686 0.2960765947590242496353720849 -1.3139434082372179033404797539 0.3961312597889133783516852946
37.6 0.1285418095626939038283198862 0.3086070287138265320232120997 -1.7074214797216823607638668883 -0.2094436799253386419961277401
37.7 -0.0530446153272258403004018078 0.2343949400050432738835656579 -1.8117932179762333014775700953 -1.4200279690265897605442531540
37.8 -0.1679743325942453206570802144 0.0030849201515645366076913812 0.1039989737596757207624378480 -2.9785552399750067943575164569
37.9 -0.0237835241606016152646174226 -0.2213592718066678099128125657 2.1310806381193849588970589600 -1.1884505254031171773465754245
38.0 0.1784687705095840970787992368 -0.2634130218021461764063166049 1.7983663869263530578281038389 0.1472911795002857015634999392
38.1 0.3302816309030422578120974161 -0.2174349359986888776042537373 1.2423477750534218576933308175 0.6959823663660765247613168434
38.2 0.4288839710157500131525878332 -0.1342504721727644527294369677 0.7400636249678229300919296243 0.9341596701814482371333276708
38.3 0.4800581740004389874035023891 -0.0355823521877540529586892775 0.2904407982345745680430837099 1.0200126979341422886211234236
38.4 0.4880261409153851273879502215 0.0665026318979090180745897125 -0.1274369893960728233064383818 1.0071696239100386682887657659
38.5 0.4550128883668046125211201309 0.1630118593995605921123173593 -0.5319295315488486228853914777 0.9083021350804381750415455746
38.6 0.3815992293029782247108944365 0.2448455189899613859384128007 -0.9374487424796386599110366953 0.7087799328502890346296086129
38.7 0.2672502437138733338079253098 0.2997572193340332437175078895 -1.3502360834487944782158248381 0.3564336737627061756911795343
38.8 0.1122727807658105992725087452 0.3066658959341228487251810206 -1.7354895393394935036889332433 -0.2869391338319237683611116780
38.9 -0.0695986170864202296320763044 0.2211683830177986653602180630 -1.7650755151826701580368909394 -1.5750471344369633688593970564
39.0 -0.1658129420748905490071970192 -0.0230697015301008691693440273 0.4201902173210748222757177956 -2.9569847260721369252542691180
39.1 -0.0046272471589470507832852278 -0.2308496650424618234929307719 2.1455844596446060712231880939 -1.0141118486957607670563652603
39.2 0.1946143119127424793098873815 -0.2611535606381071601661665821 1.7497056007588818867730488855 0.2212486423541449859319740191
39.3 0.3414768966144017470640255089 -0.2100916212705266451299033915 1.1940433703393203828898035512 0.7295998497357245709321737808
39.4 0.4354710180894954095385028122 -0.1245789220596618690391152829 0.6961115720528896944242136062 0.9490394390275139880333259212
39.5 0.4824198826767597078315829484 -0.0250269437188687270935459014 0.2496382112906643087656290651 1.0234908142597922699518009250
39.6 0.4864060983603753166220933662 0.0769464424896191331871789239 -0.1664799102413360218419554246 1.0016115439407644274930594906
39.7 0.4495290967072273946075237237 0.1724483936407949606294033153 -0.5703171888921768095268009110 0.8934899205677011290635921819
39.8 0.3722795930409388626702153558 0.2522358104821712672465974364 -0.9758161503220398001578645888 0.6819181797429649411597709061
39.9 0.2541208764551908276611522511 0.3035760408037101401599717549 -1.3875831626917872991485201929 0.3099430408191035633523145906
40.0 0.0957853690521235357651891981 0.3041148826678579288030388645 -1.7615976748078673814817714070 -0.3730013313695436615243566116
40.1 -0.0856404097966101953044948734 0.2062982048487288510693263184 -1.7009893758930622178947473674 -1.7408714605707503061492460154
40.2 -0.1604699236547681758706350739 -0.0494217013695334101286150829 0.7376184201845213695361160589 -2.8886761590928234773997719083
40.3 0.0154699244349512579386295984 -0.2390530604616516306795883986 2.1464127748477585607527008463 -0.8472273343320425037473915973
40.4 0.2111137767729171531077188537 -0.2582998611763473266925438361 1.6991691215339213844327619725 0.2894403800959887808670717360
40.5 0.3529835597240091708738521821 -0.2026824307571111804655974353 1.1464943689015447853445190625 0.7581818673678366489420815244
40.6 0.4425482602057433964802854206 -0.1153341532865529340635911241 0.6549775711796207095867263049 0.9591241330583535395245268780
40.7 0.4856592762062937548410336663 -0.0153523738662324401833621044 0.2137885699600792939319185211 1.0227702059471327230001228260
40.8 0.4862720139183536511587882868 0.0861454246528267359538590643 -0.1982800424641261261095316710 0.9931048214155123575708223713
40.9 0.4463783347439649443251863684 0.1804477667320570520133545241 -0.5989701623688528837648639331 0.8779932657040820770397608626
41.0 0.3663991254410112101146259411 0.2583022415882366758704007630 -1.0017790680414132104812444207 0.6584028301333036169240036370
41.1 0.2457979463238489725278933343 0.3067433353732345672988450446 -1.4101393848035855631905152852 0.2744088906069249994034171914
41.2 0.0855946923693750191187735752 0.3027044360744899028480432524 -1.7739446812324423778091182785 -0.4320469334736207872830303700
41.3 -0.0948989152498199255450422567 0.1968217139449368011354694347 -1.6507305270838786697387118720 -1.8451252887050799086112500836
41.4 -0.1556578624341042320181173894 -0.0648609871953777498094045678 0.9240517921199747223157561210 -2.8271304877370857009948950773
41.5 0.0281887219422987815950491611 -0.2431480286449293452729306648 2.1433162296660330906304138777 -0.7500558574190372848543112056
41.6 0.2215659008967775610979048263 -0.2559768490847031513611374658 1.6688244935763440098905421423 0.3286587158232340961445549150
41.7 0.3604778438403441480075586258 -0.1978165977556010026927963977 1.1187937083519979244397487297 0.7730961549660894246080385734
41.8 0.4475303026546146309245064223 -0.1096244345289201316254513460 0.6324631696264144158390031660 0.9623182611652273178535904935
41.9 0.4886416475575054289166767550 -0.0096818416095346475609250706 0.1962423594191270924394916461 1.0193564446436280380817887311
42.0 0.4877332296032970052262980851 0.0912559025100038562252309092 -0.2111987934870363265348051271 0.9856348395255367577130845480
42.1 0.4467725234917325067689772000 0.1846769023628551168989850743 -0.6073940140750311911603881334 0.8680667108528226182530235649
42.2 0.3661790062155078509127353057 0.2614725211824884562055921225 -1.0056069185537040821330301553 0.6473921761306338112793451109
42.3 0.2454350324371242188363048374 0.3088286422079214996552201425 -1.4091334678616612419569140370 0.2640993169838118862372086416
42.4 0.0855657453651062592402457652 0.3039233234565887124702725148 -1.7685377929721369374148097583 -0.4382581316701053566048559314
42.5 -0.0943972180140669762938325202 0.1978720082542002096662960215 -1.6482946306203503923620566437 -1.8416711308020777899132438164
42.6 -0.1556673780474552888860016537 -0.0637668852540611951723065418 0.9187692160956779432150150539 -2.8356162630792112813597490305
42.7 0.0284923765323339117344692542 -0.2426406391180958938203668924 2.1488467517807287942596222692 -0.7509920836065401044971556075
42.8 0.2222533309102845395583477701 -0.2554555640814178714928226168 1.6713633482214922562067934927 0.3286381931641611898536131347
42.9 0.3613929570015748638069130670 -0.1973940744720211468242873038 1.1212118011233604296555527780 0.7711258031764378977629861664
43.0 0.4487584374124752809404873687 -0.1094783830337720623897439635 0.6365092353350851809819901228 0.9589034149656089990242301296
43.1 0.4903982065972914329041523707 -0.0099094618385816177049830697 0.2028999184262802762526452343 1.0154795925064356162704788514
43.2 0.4903178649264697720002549760 0.0906679218307037431436074005 -0.2011736227921899444119200659 0.9825463034403732614602077677
43.3 0.4505586355854133606605779348 0.1838917828807594120129223527 -0.5932656071429037142583836424 0.8675970204693851488158465100
43.4 0.3716125339407367128219754827 0.2608958961557067016923018757 -0.9866972291459941814788041407 0.6527625416592888568248349660
43.5 0.2530002854607877620159383799 0.3093371465018943047233579737 -1.3856507243796201901694840192 0.2820817326041610449038503783
43.6 0.0954928042422653339252123675 0.3074829645889079643139890236 -1.7475186090765002217742394880 -0.3909425729965422282308268962
43.7 -0.0844390454434565950236105514 0.2090279232320369173817811403 -1.6917808709480943288225553488 -1.7334463838775751014561890864
43.8 -0.1604234299071609720780244209 -0.0463782204499040926415224744 0.7206020842646278473722273263 -2.9084265181796144647526213390
43.9 0.0162192700114402297303706059 -0.2376269568957863969179283948 2.1621471662439965227389476023 -0.8498811269363618187829299214
44.0 0.2129613459522816709125116825 -0.2567400843267619668768060702 1.7061568521877358563598897515 0.2909501985798047909655218727
44.1 0.3554077159328551493003645714 -0.2012236256108259274450617487 1.1521791340389899039546859151 0.7544977930253889842032623196
44.2 0.4456953681178817435584715594 -0.1144726285072638571101138933 0.6643316306681947589443552131 0.9512152074346102150258981722
44.3 0.4900452728617830998938149911 -0.0153927671308836389485135120 0.2295897101309381470145099277 1.0131022714636738632594599127
44.4 0.4926483552521896378512715732 0.0851782323950117809174709495 -0.1739428808158097714561364607 0.9848482141507313528319437309
44.5 0.4556985145440804837044032066 0.1789075726049211257337831365 -0.5640923587556847001337045487 0.8757535796870222256754445400
44.6 0.3798155891954072156157854748 0.2571499205981517944460979164 -0.9544655388217919913446276994 0.6702180471779937897683562388
44.7 0.2645863095188372472284546683 0.3081105566534320319309780635 -1.3505179809951574458030932921 0.3170653585881819120937206892
44.8 0.1104726933878169206147293656 0.3114158417907816384170551075 -1.7181155061711226341449393365 -0.3172583701298559559348454565
44.9 -0.0691805082572206271071011651 0.2241625645386774943855466112 -1.7441835471628012011241731427 -1.5758679111820678343405163057
45.0 -0.1654912982208522038784126388 -0.0197491382181250531451338898 0.4057623661540258802989505683 -2.9728846666641256000778273422
45.1 -0.0030297840681038921544660389 -0.2290064518923920254783456281 2.1699701235964361008966623378 -1.0109107493599415612636066535
45.2 0.1978098917395650759120509496 -0.2583268206935319849258107624 1.7581130294742311968628511209 0.2316984771236378594086750183
45.3 0.3451710438326978455072605067 -0.2066111225731585106050374460 1.1973761696736805569660282909 0.7318364907915360960849422960
45.4 0.4395850778404351592229916001 -0.1212717839783657572005835228 0.7020677478741385165126348769 0.9437513069818538885015876068
45.5 0.4874428893913871659796283451 -0.0225042754717213149981113100 0.2624192187720499449096813481 1.0136458164947255292430807901
45.6 0.4931761678413448357056112053 0.0784089496872984184582410676 -0.1438498813062613205512270749 0.9909661369755327324531304144
45.7 0.4591718566965091392819564849 0.1730157191499615772516855412 -0.5350172201618920533621824533 0.8873226983625265936877042836
45.8 0.3862040929507570950980753977 0.2527593914853764193854111822 -0.9250497979039654746948802709 0.6892339590561099430035162175
45.9 0.2739601862011537631644354319 0.3062091306994953528512324076 -1.3203412097613744188256912853 0.3493188819122192745576898707
46.0 0.1227435640417720232352752493 0.3139814202201005306978321513 -1.6925450327985144965299155332 -0.2560435117710759326381560007
46.1 -0.0561930728167393201238897200 0.2358110630648460083295393990 -1.7752947667346085614205223914 -1.4479694689096457705071936071
46.2 -0.1677018052546216835348167766 0.0032433671601440434448578251 0.1334940209554595841078094907 -2.9840643001059886806512846262
46.3 -0.0197058777372235017011815451 -0.2202983731489595609454068526 2.1660752064229702929492586050 -1.1578857948369007451768928690
46.4 0.1843900884487585061795315674 -0.2587967599858026806671186948 1.8029623631378517619004153359 0.1811332828383573015280162490
46.5 0.3359244417783285275065134011 -0.2100927878413533272429539530 1.2346140407829410105621685329 0.7162815929381338447002890303
46.6 0.4335947757085523106209302034 -0.1255370020123064853845552088 0.7303164603282530124660503782 0.9417047527450149976764773798
46.7 0.4839266210990878636040368693 -0.0266376375768641825587399112 0.2840304962485309625072264300 1.0175800981184828247198704253
46.8 0.4915745374225794214492579421 0.0748311916516286339518913151 -0.1268803463210510284041898186 0.9978250603854304537684192347
46.9 0.4591004034841758844241392520 0.1702134819276270220570207981 -0.5211546023384803655933132011 0.8958660401777160519542904788
47.0 0.3874173799821872422783440658 0.2508859619850378238559568421 -0.9130186861967148186420152544 0.6993398918130104006265347137
47.1 0.2763310851127219794241491889 0.3054700612515334257529812092 -1.3090770725572874753370761248 0.3623050458550782563152188367
47.2 0.1262081646578796226816573229 0.3148610394638928743741852852 -1.6823111884854890200945835418 -0.2352799407928258874236022069
47.3 -0.0521646793599444902359650144 0.2397146274873523082972678706 -1.7801159525596175371459378414 -1.4047851620487157249273822341
47.4 -0.1682329892138648631124269235 0.0116101360335078554746435342 0.0384080605073471961390999341 -2.9747193172148092078975191732
47.5 -0.0258535123217192761842753365 -0.2165487476044419075828043178 2.1643885641491927949948035361 -1.2108361415101999543720771431
47.6 0.1795668323839910372305279044 -0.2580218767492994191381442800 1.8201909644019205256228758849 0.1690229254475953718534254455
47.7 0.3325277880370362980989981382 -0.2096849510755303550130043502 1.2453699481631875662389750915 0.7183299319389900402361634515
47.8 0.4309301186151542638067087714 -0.1246750653361592842066389152 0.7344302034450843126871832878 0.9477983755537692449324548889
47.9 0.4813995038217075553408419413 -0.0251354028555767049864860575 0.2828774557457242220691923402 1.0238684445624597291621131245
48.0 0.4887149811079360380165513046 0.0768848556453587101735747077 -0.1322249363166942961943716318 1.0022895221016193925246699864
48.1 0.4555310200438521175563863110 0.1725557952849141816017501989 -0.5298831506712919111691609694 0.8968996040895507442892411320
48.2 0.3828381657909843025072899712 0.2530821456731258156364207523 -0.9243324835772501727545507604 0.6949880537411323884693668425
48.3 0.2705443617323602516252952701 0.3068353104378589886508272985 -1.3215501459028697592343090076 0.3493022368589711556098391686
48.4 0.1192797185776499987454643787 0.3142376037455449969607195010 -1.6912337774381568071446784237 -0.2636596562324937616856125284
48.5 -0.0590060724591602540173090228 0.2349698761541942042203960314 -1.7611288526743642127147207151 -1.4606593525637624405892974091
48.6 -0.1682581468093425914585138224 0.0020095448470475314640554881 0.1566431104079661914911758262 -2.9734951373395646920107810351
48.7 -0.0188687656189296587680746555 -0.2199893883168727450991588338 2.1750752396806648201177334516 -1.1397951998460452556647167481
48.8 0.1856743970897861536344562302 -0.2563539454222835285231096573 1.8022449002855328803572994703 0.2045915311427947636112642524
48.9 0.3366209768903198569637529779 -0.2053083601359328517926771978 1.2238777216874657076453566466 0.7388953423258820777396288744
49.0 0.4327937040474820269470557279 -0.1186769728170005291992291973 0.7113699801730100752838905690 0.9602190612148675514834199846
49.1 0.4808771648149614625354112737 -0.0182160374535329083138918603 0.2581785697182753319196333506 1.0299865448901082302191246095
49.2 0.4856298856365188010301419456 0.0841053754848494812952537448 -0.1588246648881586076861797479 1.0020841103827075886050177921
49.3 0.4496815063015852937855615439 0.1793908490277999719178495670 -0.5585942637567193675158289045 0.8890588008627091693933612335
49.4 0.3740131056760334162823160288 0.2586332964068044663417878690 -0.9550601397039481184625014345 0.6764192055365109684455192574
49.5 0.2585947244847948630872034175 0.3097353053146769875924213216 -1.3527962073637477784002111367 0.3131976255316672440653968017
49.6 0.1044744585201185634440780946 0.3120399638155841354172701278 -1.7140549903668088427405317679 -0.3336093593178829868498716742
49.7 -0.0737656259492717747780307816 0.2226980151123890574210159452 -1.7160049850239429092759653167 -1.5976153444864434169189272440
49.8 -0.1660882692249745566651144876 -0.0216073794349332000777364146 0.4424283677883068449463159334 -2.9528893562018871761135785638
49.9 -0.0012956708840589304647973417 -0.2281803614203747886566139387 2.1856940266271736835278362351 -0.9782939984630713509633096364
50.0 0.2002439058679403110044560537 -0.2537224985729334964056207835 1.7557249963725573012928384593 0.2723332172184324057266809821
50.1 0.3464916779156498229852028354 -0.1980217925251625822925046631 1.1781426159855631627182143395 0.7697214805753043712883700366
50.2 0.4382908618443904450070050020 -0.1092511332867247596111812886 0.6694949625503684608088188856 0.9739124261348846852359166241
50.3 0.4823268983964965525271190328 -0.0079828708352185175618384265 0.2188608317303429056659078555 1.0330190248685252915181132879
50.4 0.4832190999565450483131678509 0.0941985923453612920898131624 -0.1969122305452516573850997505 0.9963412975818815253174981663
50.5 0.4434806685182914695060534952 0.1884571450657700949053307558 -0.5964395970299364605378658898 0.8739878056794582741208620359
50.6 0.3640174282149210435952145198 0.2656112614393273004749429257 -0.9931075059008279864369124515 0.6489234973479087144502078616
50.7 0.2448249166251256594483921930 0.3130465576235644156697890395 -1.3896569212050325714308559382 0.2653842812841243044984751848
50.8 0.0874384815215318856041842628 0.3088057492060920382978092111 -1.7385840721441591143482806000 -0.4218366594938123916999110670
50.9 -0.0900795818907490122887198742 0.2069276169075067971384864020 -1.6478769953985374152816230948 -1.7652029133342253421725437898
51.0 -0.1603397466184962400439408190 -0.0490055199678087527720926414 0.7729902722251205121068684327 -2.8821251094969763210584248131
51.1 0.0198162227472459898414489896 -0.2363232747061997289900198531 2.1829259138174088298736988723 -0.8011718780542584873749723024
51.2 0.2172507753194940776441980180 -0.2502528855261456044363715281 1.7002205013864243068491331302 0.3429903225328190556702150767
51.3 0.3580756762734977650239280310 -0.1898680183354575521538144389 1.1268551654571970221478325398 0.7988429869363343610980818836
51.4 0.4451038172620665905658198392 -0.0992415299886039583319508581 0.6251669898209496424659254761 0.9839445415808262510815448158
51.5 0.4849896380170482502525735518 0.0024317169146287327949089024 0.1799009738946014282527177425 1.0318518768510007342435755438
51.6 0.4821898689339290388286034687 0.1040686482274614581490610781 -0.2320062152706384594449759922 0.9868631787069322234223614106
51.7 0.4390891764253457789230113683 0.1969909008449079645877371647 -0.6287291598103242709457024540 0.8566507593827144261869039936
51.8 0.3565130032608984663277990803 0.2719588085196911512035615007 -1.0230884155701796773558158207 0.6220308697378687547988447711
51.9 0.2344676696629777303400795589 0.3160278270776041754997089762 -1.4162789372763517706748532952 0.2235551067322849274356689072
52.0 0.0748761114671793915283200334 0.3063150738126763938960014692 -1.7528728372979148835335115223 -0.4932330461275821536195654291
52.1 -0.1013501806387625439468088252 0.1946202599748731377680385982 -1.5837536007742785613325572667 -1.8921472193984925873246861239
52.2 -0.1539991844055485946678655286 -0.0683600704179804253756273326 1.0054496966685806694018413690 -2.8004524153730597675567550505
52.3 0.0357016097074821291071423732 -0.2411150940768691185892981837 2.1742063542901499624810510609 -0.6787920728436031253970605154
52.4 0.2299409738110836040647517730 -0.2470771517945180631776429237 1.6598492267292757190825919654 0.3909228492928367566229645065
52.5 0.3668877643960867710220159104 -0.1836001346899680613578645211 1.0908098406943552371140701346 0.8169451135028685963129275871
52.6 0.4506382216573364052148035700 -0.0919394630033515174170833231 0.5955780926347063894031121681 0.9880273101316443289486923327
52.7 0.4878551732502024646460630551 0.0097131183453027093645858115 0.1559611191473035371697703611 1.0279994890006765563644984113
52.8 0.4829103918129528215351767756 0.1106905296445943607803028073 -0.2510697920080331661502355636 0.9778396981106504519476583955
52.9 0.4381268645712270059203506657 0.2025130998790270661193029106 -0.6433705175566847572448054347 0.8438401568473521575644078757
53.0 0.3543014372143464331086424770 0.2760400390127635834159333543 -1.0334182576928994605179124652 0.6060804763262637479291656996
53.1 0.2314518421455220466263644716 0.3183603999259426179310265758 -1.4219003207850611071596045753 0.2044625991366665735945787890
53.2 0.0716007366835902537108938480 0.3065386941761108685210678710 -1.7518062009284905248866793131 -0.5167039753476601709639605795
53.3 -0.1037921640614453461866393520 0.1921531350766136297373610879 -1.5637116336746835524606811760 -1.9223792955652814141825814203
53.4 -0.1521418853175392834456360280 -0.0723942617312942011167794689 1.0595796239013135497983050105 -2.7822220981334515129767094264
53.5 0.0400257134746886557267129458 -0.2418020776922229942630507403 2.1752278750608764329916967675 -0.6489483231868896933076296162
53.6 0.2337048678798016087728457522 -0.2457745474204587401702904534 1.6514285410785487778479979432 0.4027340062407269984642743268
53.7 0.3698434627435248344633675531 -0.1816170092622332546812900354 1.0836429990941643005739585895 0.8197846655108148504692935278
53.8 0.4530240366599019334806672666 -0.0899263297461478276118512886 0.5914782592329826854608953403 0.9862843797799889958454733676
53.9 0.4900075864678708211970818777 0.0114243449695200652165350767 0.1554547581781971586874009148 1.0240167349275988113349963932
54.0 0.4852067655068422765830206510 0.1119640798227563134160608566 -0.2476220767361328064657973910 0.9733483859012268901471951046
54.1 0.4409825024205454214861423111 0.2033873311353024249666252897 -0.6355592977172435106464303796 0.8407029499449618628092986420
54.2 0.3581739013815405147542024754 0.2767783166998638351518990015 -1.0208446823243781195777913053 0.6071138248082848154922583991
54.3 0.2368143558533824364270094183 0.3196210440568999156299002958 -1.4049039252303267520277845982 0.2152029189049659065578552062
54.4 0.0786982139625160733682358501 0.3098506990940236046681933698 -1.7363834595293269766673961479 -0.4831066286786234867636782299
54.5 -0.0968095111422679240558759188 0.2009982211191015518731587010 -1.5996531669391326789231549935 -1.8435436449567554117369959849
54.6 -0.1563446769388650502915186873 -0.0596848886982264886508141823 0.9185827065392872933303101424 -2.8473914310121554461635075952
54.7 0.0310745148026768500731819569 -0.2384970043957503500947398871 2.1902220276933793185901959665 -0.7196055258931909247878909135
54.8 0.2272384491945123177728988229 -0.2468960795951596744473312852 1.6785702722934904911847835565 0.3765541471923803829155442624
54.9 0.3659270827876464131089476197 -0.1845176992454008390938556552 1.1074739168051326561238722631 0.8079518428768418131620769976
55.0 0.4513784966337431141793848522 -0.0936789394553135938792574176 0.6134025704261083328149701884 0.9804124499586049106595776815
55.1 0.4905373775684927305954338352 0.0072799331507540221200427836 0.1773055075714004141811973705 1.0219216621721903824612988939
55.2 0.4879788246590297268679413911 0.1077941381595753978925175778 -0.2244147332153326907362988666 0.9750615870990105180244695285
55.3 0.4461927035764223945416296959 0.1996355681308203611806788950 -0.6098269904893721115404501963 0.8477432267723319447007001275
55.4 0.3661215683510323564726379562 0.2741346281549697751610470385 -0.9917383023593910352776366017 0.6230995630307700720426534698
55.5 0.2478316569097077008874804920 0.3193331647859057108948254428 -1.3730116321288556465003732568 0.2483615329532217453885894941
55.6 0.0927422294537039051400285563 0.3145038698224628629988899392 -1.7113507603551386915055658527 -0.4121794028510662653768529405
55.7 -0.0830821972109914306911217399 0.2163721090448686423856692386 -1.6600055355685963673584350842 -1.6949612067341568012098756164
55.8 -0.1628935518400651439890760103 -0.0348930070757681004752732128 0.6280201629013849490892226369 -2.9349626342579901893861020184
55.9 0.0126963533912227061418551949 -0.2314989329766545612587237085 2.2074316910641061593081692140 -0.8678146205199885837042110591
56.0 0.2132322926978158559573150238 -0.2491762303099469351666805757 1.7300141659813354657286297692 0.3232230487510539234158181980
56.1 0.3567276109790308089096386741 -0.1902099433019163351496893131 1.1514545726844304430480135602 0.7876651045984775955131303085
56.2 0.4462065280752732206130613431 -0.1006288758117611177064385767 0.6504416760102792655058158641 0.9738691794501552546259371280
56.3 0.4888379213911975763831871505 0.0000782328467192583166987075 0.2101299815670458836918436022 1.0228675337699443824342783806
56.4 0.4894435900230558515389575753 0.1009727728782209530747330266 -0.1936427117427716535865575469 0.9816194720724473752487064038
56.5 0.4507027268268317305801133300 0.1937573838061307633623376725 -0.5794513554725181701699061112 0.8602721888339086594398191785
56.6 0.3737022164262937701877203667 0.2699041457478107231313446779 -0.9605542024649150814332706466 0.6442092873878388080056295934
56.7 0.2585804529175202723656198811 0.3178986396890038549571549648 -1.3410905602567111599706146410 0.2848983144836820019471582022
56.8 0.1064906947647392206377871521 0.3181570524132646209892444202 -1.6861329669818083305320501056 -0.3423312697161056486759816147
56.9 -0.0691366801900289780829678938 0.2303046336255794477575147684 -1.7050389215101226259570642620 -1.5523110969354496263163386288
57.0 -0.1670678474967084760491691722 -0.0095401080475015338662765765 0.3264496253439255306407538924 -2.9741547685406266801009400508
57.1 -0.0061487356832325348850992307 -0.2230675770080946052771923067 2.2131278511658131771394075036 -1.0283305311943566852975731491
57.2 0.1984869066704207907325004630 -0.2506762750038013536104958129 1.7819324551742986257148135059 0.2685910658935895948991896797
57.3 0.3467730182857339116351719690 -0.1949929406717052948658741722 1.1942087602026669088772649952 0.7703532512211078501570312346
57.4 0.4400262740618746695526595701 -0.1063141722951818473540173844 0.6836435748482595369120547073 0.9711215542892819114015375612
57.5 0.4856198149185742911559673967 -0.0055036644643623170492774366 0.2366061619983285232358436297 1.0269304994438506711329217724
57.6 0.4886335341048087906424911296 0.0960041651000119165177114207 -0.1716368680945978729413094252 0.9895394237811070959127691697
57.7 0.4519418252567308707333317709 0.1897299911728128285403477886 -0.5602270936901569660012138214 0.8711477815441104197474709897
57.8 0.3767810328892613724582224523 0.2671290398938182709246433639 -0.9427927423780867033997171109 0.6586124519240775093627267463
57.9 0.2633993004830402492153412717 0.3168413662984623896822695827 -1.3240170106922260631890254528 0.3056068910670983462904700433
58.0 0.1129248021863771760872708393 0.3197902139474988110488192628 -1.6719345064628468952620899236 -0.3070033584893072621355415731
58.1 -0.0622424354608599665349598056 0.2370437771228159460174864276 -1.7204384511181714211703249341 -1.4809955709009635398158490911
58.2 -0.1684370776333263838064736272 0.0039014283116238292478350566 0.1696337626024991051502913811 -2.9723967014787878018434368418
58.3 -0.0162267578612264843197102764 -0.2178045062645124472581750754 2.2125081907704344985156507977 -1.1157956541842723305472468998
58.4 0.1905819943271169145098077324 -0.2505641331997870752785839279 1.8099825768038530890145636023 0.2439017636505698172251039674
58.5 0.3413139776352082031484611692 -0.1960660503935306328484966903 1.2143400993141760637629405805 0.7673554265419153577954396156
58.6 0.4361622916773851574833879093 -0.1072646122212315800511480671 0.6957457701039897955299274727 0.9752587692286511114329763918
58.7 0.4826478173995085089483727648 -0.0059176728527880450921443911 0.2426406356848893893018857241 1.0329770779519393401794728702
58.8 0.4860270165905040019295922551 0.0961842432103397106529303392 -0.1701471204800287298033464455 0.9950774575761729082947641993
58.9 0.4493054993358709778260370688 0.1903733146177106553003147317 -0.5621412704425489692716746299 0.8746461008007249032887102633
59.0 0.3738258738518213643393360784 0.2679620511137486066316486024 -0.9470708757740082565882681441 0.6586514278439212671654817836
59.1 0.2599537976112780414666209820 0.3174304092993641550516662576 -1.3292253516631292935797284140 0.3002974116470304632919869896
59.2 0.1090354796643624943154273306 0.3194565202485129267627704050 -1.6746661475097252471757976994 -0.3208407040453681425105369219
59.3 -0.0658290727546758101659293809 0.2347199467987998384401476037 -1.7075279812095481675398540700 -1.5070715557965562444392558433
59.4 -0.1684942141336955156212568414 -0.0004023943350746732215336276 0.2248600849010404720165338902 -2.9669239394712282687774409059
59.5 -0.0130931172289132697924884379 -0.2190079473524601754166016997 2.2183977973894890056312932050 -1.0809688582987722769071140457
59.6 0.1933969001458893819728384775 -0.2490321633146094333990429439 1.8016557828236627710776019621 0.2654115077151058933642182113
59.7 0.3430579321656406549664089348 -0.1927369959840116146431293322 1.2016622654042995494918895750 0.7823612271091389991635932582
59.8 0.4364806701609346731919627826 -0.1026753057876316242678209482 0.6800079228445911563225771350 0.9855647866956147564166204712
59.9 0.4812562119446669027716402111 -0.0005241594829317438633667988 0.2242174714888999821320631856 1.0387034221670596657387038445
60.0 0.4826664190416843737330372848 0.1018971565313897699253069382 -0.1910810755943843748763218846 0.9955724342373900522944399729
60.1 0.4437321413924455435423344563 0.1958180264037547045771933879 -0.5854271137895705051765333536 0.8684582026562249755727823629
60.2 0.3658215129554702161254055397 0.2723446328997912819174121414 -0.9722797810056699510108353451 0.6429496670819163702505560578
60.3 0.2493928224572130523264513234 0.3195440304149821288146275468 -1.3546104227109889203617116698 0.2692231685870124557006032052
60.4 0.0962083769762491463343851285 0.3171863866275067373545114505 -1.6918584124231325723636343184 -0.3807823983028650460331641496
60.5 -0.0783209399240255375318471445 0.2239142989885838919431260786 -1.6657309005438561541879181802 -1.6217761587681998028566790804
60.6 -0.1664013218532493661998594541 -0.0205631036353570430665153673 0.4692547508200704488916183228 -2.9467954969729659904267102986
60.7 0.0021464009784524133350572371 -0.2256117386994988139904096337 2.2251349040581459418979960609 -0.9395050439054274901054698555
60.8 0.2058232776200627574318685513 -0.2461846688637831638355316239 1.7596589436986246491398940883 0.3245451457422984505091783432
60.9 0.3512554332213060418304302832 -0.1858069977056412521902390170 1.1604439701215885510287782965 0.8096142095172132036113927042
61.0 0.4407136858744417992833496944 -0.0938399569569247079461435325 0.6417817885109962353603857639 0.9978705873810372035980702841
61.1 0.4817655416816302872608401464 0.0090372009029664965285464570 0.1877541554965963316410291616 1.0413712244183952276703556868
61.2 0.4795687509506678603796091210 0.1113088623762163427891174413 -0.2269193166747971694026812311 0.9899349531608175146520647592
61.3 0.4370477011063146187736247020 0.2042237123880695695496828491 -0.6214190721193224332729781090 0.8536630880304911412739422083
61.4 0.3555180866281382898502825802 0.2786910477233026003166350142 -1.0086132923182342410859890171 0.6157450578461141411116356796
61.5 0.2354948145812815912083674277 0.3222539646186816547183286770 -1.3895144072734489341141318833 0.2217606084202322382614281696
61.6 0.0792741371821337342664256003 0.3134135220481538980785492879 -1.7136745466956164842964936064 -0.4678546704196022802329753999
61.7 -0.0942656542236487204703332304 0.2078766664852159870625234547 -1.5960782306842935937856189992 -1.7844524534528577066911712558
61.8 -0.1604855638898963699531765672 -0.0479109654506783616612982692 0.7997981410265460497128306758 -2.8767752544677787858698758593
61.9 0.0234655157015612907345105455 -0.2333517313168993151969884674 2.2189813300837288078077904734 -0.7586935382685142363457016840
62.0 0.2226869230217738251517698577 -0.2421844742849743729317318808 1.7012633061760635807799019104 0.3950857974935122667945276392
62.1 0.3624660934903590141858259037 -0.1771633293305464189574719104 1.1072762650707948793894195193 0.8382335778379447042369167973
62.2 0.4469815190644336634398910162 -0.0833875864375143587429350518 0.5958109636672593671623765909 1.0074617015695104840613470518
62.3 0.4837145038736451130900592329 0.0198490464011647882355014301 0.1470245402198213964096234448 1.0397006765220041087488825530
62.4 0.4776349400505573875323986673 0.1215127028398732747522823725 -0.2640780458824623035958140021 0.9796418219207812844961697590
62.5 0.4315272517710779774986712007 0.2129798795217374857548691623 -0.6561348813152602458685387145 0.8348406051967744507858841356
62.6 0.3466254567261939215161628740 0.2850562649227299727189588935 -1.0413272939878208964463037401 0.5861171678865522639807441400
62.7 0.2234746589304300560527319207 0.3248751770079335651312378050 -1.4187682510605455552103157740 0.1748628389925650954526363493
62.8 0.0648566960445750114623070090 0.3098535707499124642236482939 -1.7285536819158841291348131507 -0.5488798034065365817662066027
62.9 -0.1070064178019656524775207565 0.1931819815957188906549851413 -1.5203120265184927683759385960 -1.9279508118396803109584401434
63.0 -0.1528133885900984979360258963 -0.0704324996967245621845225268 1.0700208452489808345722588909 -2.7787863423442703909928824503
63.1 0.0420045281384496810525307151 -0.2385513434914116217152578748 2.2042295617016350009359927635 -0.6147414207891679716591961856
63.2 0.2371410762770588408501322927 -0.2381367799436739025227800992 1.6517013986094095192132043289 0.4498130361104933074581188116
63.3 0.3722158550685886706732453236 -0.1696154341276684294314249057 1.0638581682500912942472272961 0.8585159137917740237897331319
63.4 0.4527819696242741746870853471 -0.0746897372490580928613586030 0.5600400820978185409937122797 1.0119014981965201070531039457
63.5 0.4862608713921888654215495053 0.0285060047733162406404623767 0.1174795146754158600629912107 1.0351416312091756706332758015
63.6 0.4774868797621646850440356459 0.1293921195799403954180071826 -0.2885806970097546671256400667 0.9689479471655903987639740763
63.7 0.4291486594787291252045311941 0.2195343389678395573522370007 -0.6763283801350187410405819748 0.8191163793191192778064296932
63.8 0.3424299878623113703029852627 0.2897876710349749187580100801 -1.0574621621119116746238724850 0.5652557010042315413998028519
63.9 0.2178900737152304220346159397 0.3272009715600178764758294283 -1.4301492571237652707814857075 0.1471098386756245176911633657
64.0 0.0585253148290360232120368378 0.3088549491375148889026820899 -1.7305094710027682597218428035 -0.5890855051230205391976845679
64.1 -0.1120440701098102834727061699 0.1871026321511068370877947243 -1.4811130654418889801487128627 -1.9892159105251438570044594334
64.2 -0.1488224758512090900222691065 -0.0793078002915532077351829428 1.1798518276005953881036932010 -2.7309621383356877416071229295
64.3 0.0502838801225950236759698559 -0.2401151425224217530876065230 2.1986117904902006186872829705 -0.5552471956611052870280851156
64.4 0.2437924078024678347159556382 -0.2358562726973960164852793768 1.6316911168229941008667102747 0.4723502919171418082490799114
64.5 0.3769869038544876445566752458 -0.1659679344448027286869028008 1.0469222172853922451197562878 0.8654000410547370614379569876
64.6 0.4560891872405089570516280906 -0.0707701555438307361266922751 0.5477283985889583501788912003 1.0112872414860907016067576093
64.7 0.4885670593838036235690915117 0.0321475653864319456735024284 0.1097480054391997397548671594 1.0306223506266555160328100152
64.8 0.4792450470526353112020083472 0.1324773614137200680082996380 -0.2918105747836951212266155401 0.9626426143729501332868873302
64.9 0.4308114086220106389982054619 0.2219738271770143176432313631 -0.6749824151926662256496748560 0.8128187021382656327151252189
65.0 0.3444628956920410180865155387 0.2916876429255625360513664205 -1.0513866227963513911231727345 0.5612317512592196056581410335
65.1 0.2207600628163287242659435926 0.3289669595098462149120800113 -1.4196543079224295412110823525 0.1493958569632426130480489328
65.2 0.0625340876105824766097413269 0.3115062832241825745632988669 -1.7198173379965704827158555608 -0.5714308491449219073157605358
65.3 -0.1080317143865024423483315166 0.1929485966381940412693461999 -1.5038297825524836637411463468 -1.9423754872855783606077470016
65.4 -0.1517044960750658767916390137 -0.0715786134564370030389334282 1.0983369616346272314900909379 -2.7776537550326251837431217132
65.5 0.0451145516797226837833381875 -0.2382235531126802454892777736 2.2117151118884516492171951524 -0.5958749766133105256408742222
65.6 0.2403478713980450983752142656 -0.2364469564625540502611324675 1.6492330163248054412190192031 0.4578524958525530224077923138
65.7 0.3751758066234093148599138397 -0.1675720975435196923308169885 1.0622714805825773892023992627 0.8582454789290980734972365273
65.8 0.4557766536762179191097925881 -0.0729314686338317367313633066 0.5626444236911340279960436618 1.0069965456976182016158319967
65.9 0.4897889148672771781130199948 0.0296628232740203533345154762 0.1257295264686815210598951913 1.0284624201028897483239636238
66.0 0.4821654605196250465055379832 0.1299057807442701740959736538 -0.2736575951153840179122055018 0.9632591599352729163036695547
66.1 0.4356935321651603613701983393 0.2196704285271083560854771967 -0.6537692519647779210969784483 0.8179745668750357825005484496
66.2 0.3516458593781580051754147802 0.2902649781438239529904792589 -1.0265431265369890160648034150 0.5745282545607542032144411013
66.3 0.2305854796111243996207860327 0.3295765584284887228129204411 -1.3921071335906954723165108888 0.1786501128210858369600989732
66.4 0.0749310863181512653231780947 0.3165503883824025360175088436 -1.6995864180213981981010756197 -0.5071959126918773742181433508
66.5 -0.0964100170218755227312457747 0.2076679548385815885117894885 -1.5672829861045144435376901916 -1.8102428877568994388771594974
66.6 -0.1590654114213086875052686791 -0.0497685186682797089350049488 0.8462627607405484280635163196 -2.8785815338637264435190877484
66.7 0.0285651944896723931806384802 -0.2329203304243462622089356200 2.2355449953166499141297318736 -0.7247939094246928848253309837
66.8 0.2281495000961185976427274886 -0.2391092473889301325411572950 1.6974109082224533832258035754 0.4125950536184042505183133995
66.9 0.3674312821028035121860322306 -0.1731185862302825350415786824 1.1028597139183718984264619608 0.8411762976393585703641049467
67.0 0.4517627683655479521378197673 -0.0795289271826244831368428589 0.5971704263774703740259084973 1.0016488925861637413272057771
67.1 0.4890416951528747709047593498 0.0228839268756611278625817921 0.1569351468608999215018279112 1.0297512408784783843658741443
67.2 0.4844607178803694432779969932 0.1235259327779009592945481506 -0.2437227714165199867251576677 0.9699319263230627820635620765
67.3 0.4409836960397903951350876706 0.2142533236378919056000032276 -0.6235904070447903122050892517 0.8308553944109740918153628363
67.4 0.3600104933650480563609775713 0.2865630810746955354893444223 -0.9951361738614068834288797686 0.5967345838210218994144384471
67.5 0.2421418816309214515117595541 0.3288478783994873986343696839 -1.3600829998557568079556416184 0.2178044983172815547577857484
67.6 0.0894235500032937967625481785 0.3213020586234674673891888350 -1.6763500147965386536826158753 -0.4318181365667580950387559727
67.7 -0.0823514395947102626190209769 0.2234226538568752832948367546 -1.6260883764258539710389892977 -1.6598983600755403760369494233
67.8 -0.1653405025993697204527526760 -0.0233760251216750062075623140 0.5323901423428965279512575870 -2.9487925039119861835534160590
67.9 0.0084435555797343504525485417 -0.2253441196068059787302630452 2.2521789512582742406400579187 -0.8900614080532236917405097684
68.0 0.2128632763609619128822543763 -0.2416468682838832160897206956 1.7543855894166722340930078023 0.3573101845247961211522890655
68.1 0.3573545768077791742566246384 -0.1789834777872399730038695613 1.1492655191155478870979790219 0.8235530746988220520881673637
68.2 0.4458085461190790489635380928 -0.0863154649297769582240128609 0.6337831421244856195847543739 0.9988474139836918009888459708
68.3 0.4863962274904348283062891748 0.0162155837649891196662993563 0.1869727321696639582751999971 1.0342018370406867008198383833
68.4 0.4845945383093151239420451245 0.1175426066140034680834933313 -0.2178346867973771938445848587 0.9789527235655465611646714185
68.5 0.4435742592363625789841289973 0.2093731666178381278140018878 -0.6000922220646334767541860169 0.8439551741529590227399107096
68.6 0.3648865111522537595925963732 0.2832411944177566252235521467 -0.9727593618195162515866817001 0.6151898456545628939366458025
68.7 0.2492220501335889659510604016 0.3277935534507214661575753131 -1.3384809654859457860855298965 0.2457831001084247708335258716
68.8 0.0984940552044200016771362002 0.3239435346672159150600269563 -1.6598973632608075721590296032 -0.3828963987849279176047566329
68.9 -0.0731353510963577437354275666 0.2330758437698184585995537260 -1.6545965923009039439613641970 -1.5635872589185792157296359794
69.0 -0.1681252204880335074302461166 -0.0054544821824867232157568816 0.3204681017474420326038585550 -2.9635768565991457397142235639
69.1 -0.0052833460257514876743029097 -0.2191999090175252468392361541 2.2567441896254157131573252872 -1.0072932820114829254213145437
69.2 0.2022858465743259401039882686 -0.2424676324482961365266588461 1.7931243379305466113756234855 0.3224416744974665739004504393
69.3 0.3502010598071376872219517335 -0.1816424638199393308142576857 1.1782517601229154519909163356 0.8166150252331879036636797944
69.4 0.4410635777767639794585047224 -0.0891020495650343066737439691 0.6534224733922538603422090706 1.0016214002882266007738641178
69.5 0.4832580109871236910304126820 0.0139090364470177000853001643 0.1998502809336674537787126133 1.0403960480954157723733377936
69.6 0.4824895123291834608278963091 0.1159080269834525741516094257 -0.2097771305162766769623813373 0.9858973812700584324830174267
69.7 0.4420946917183864351977715104 0.2084107334395665887625364435 -0.5954305601674405994611199156 0.8502836321830901391538005848
69.8 0.3637535883601946828794567088 0.2828452610421320252209926541 -0.9702905518697968777331609197 0.6200843724634910303727506679
69.9 0.2482788977606973339816735181 0.3277943731978136638016225174 -1.3369119640277728504568813557 0.2487838527074267427121454454
70.0 0.0977333583251975841853074103 0.3241566670982916773599435801 -1.6574713849011136268430535187 -0.3814501064855124040747188080
