0 0.5000000000000000000000000000 0.0000000000000000000000000000 0.0000000000000000000000000000 1.0000000000000000000000000000
0.1 0.4799336894402801151936035812 0.0986439538383516719001167698 -0.4026775344439977014269626262 0.9590456056905734646537232686
0.2 0.4189333525866448815891054264 0.1886848326923402993504837754 -0.8213830652183984721574236310 0.8235617232017530395422519760
0.3 0.3146529138200583339400169874 0.2586511068979094546155455107 -1.2701765779061361539702718241 0.5449414724531577974092278439
0.4 0.1641521584577437829161460474 0.2886185354013764782786754201 -1.7390342597726576729683313945 -0.0116813637202033858155351578
0.5 -0.0267948532602378834128530465 0.2347718565679202087505441383 -1.9889368181995148876291158010 -1.2335805788515990827724943952
0.6 -0.1646027403666191934027218712 0.0148860912887546886531855621 -0.0775804985084166981287277505 -3.0306003928361114417178570805
0.7 -0.0164424731350700181201620846 -0.2147587449931072732867902360 2.2375742348748561136334135875 -1.1836033016137093414328870404
0.8 0.1919891229611644170405977399 -0.2528272854795242925799028074 1.8330662676199810071213588361 0.1903796990673811544865984467
0.9 0.3458135842279526724536622555 -0.2043192863597787298825106049 1.2569759603499100770183997094 0.7031984279993258725478291053
1.0 0.4463135914450151691136618070 -0.1220723575093817009193624899 0.7671350549764031649384151271 0.9104674898994268586572424780
1.1 0.5015201047070388340552628910 -0.0267874357002915677334320631 0.3461269328626301403672696670 0.9784815053993900914703454464
1.2 0.5169515633078022447811066116 0.0708618901246452887702013270 -0.0321762818987114513650894753 0.9627979934188195040630626563
1.3 0.4958583612064244381546870111 0.1635713516718802764813086957 -0.3871173113284725862033752878 0.8806520819130233125474153966
1.4 0.4398309531865105393354572421 0.2446924422480768662429822947 -0.7329158601578214439012999626 0.7290551651549093611350597098
1.5 0.3492493332474340548277507084 0.3063256269413243382846156021 -1.0794163030366212563583659199 0.4848888977595910900173131673
1.6 0.2239235329524470654993435209 0.3366815919629282965631347175 -1.4260210425953986563877709548 0.0888024806690110672863940731
1.7 0.0656718830152175146797471904 0.3142217118787260229499099287 -1.7187734899453723742356154712 -0.6102451536698109374129703898
1.8 -0.1048605994124853896070768808 0.1924305827417225897805003395 -1.5155340457156803940135183591 -1.9870657004198076867418929747
1.9 -0.1454798036317306699042997882 -0.0759443003885360142012904176 1.3008222111055273423197259645 -2.7578396260648655440844014902
2.0 0.0742604900594571009735933678 -0.2199874289626019765222001046 2.3638881325669756095371590505 -0.2696679300470788642311232070
2.1 0.2724788539347318727342584219 -0.1859802020316479039635260569 1.5920328311469440304880097756 0.7483641738713389701914625737
2.2 0.3966840065140207555942706933 -0.0933428769301198043861019466 0.9220838408743302127511437890 1.0434754986961765567768972465
2.3 0.4617819455973424725592119788 0.0148535532577975075814129801 0.3995737713405280501805483016 1.0956147054180913556473763067
2.4 0.4796854137198282665720449840 0.1220785630915933007056469334 -0.0294339310427971616591115427 1.0348589592138326515245893117
2.5 0.4578118997754621570772882888 0.2193855724523107289608485829 -0.4004777697777910692380595404 0.9002408094350816386811017740
2.6 0.4008212654700688170930919727 0.2998880652016891351724989052 -0.7343353368316895158115555298 0.6980208405364820926652718217
2.7 0.3118378681853856148942904568 0.3562787182752295695059825717 -1.0411755171466822524641740788 0.4138410835168693366908226430
2.8 0.1935995006613628534451750438 0.3786167531828089754918985952 -1.3169740151087075714739678040 0.0070845966478630110903634874
2.9 0.0509076187398675286466323434 0.3505950084854777456014687930 -1.5156454211456215287764832491 -0.6163658812615367588859677902
3.0 -0.0992796351253200453294235894 0.2413174040107860100909608502 -1.3857720545891942807296829838 -1.6679058603188887815369293980
3.1 -0.1718074124270792159788978931 0.0058790200970093921097622886 0.4592460337417909808036908492 -2.9259501063448138992416287313
3.2 0.0280934659592343591504532044 -0.1971048683022048665066892988 2.6267801584352044283693100793 -0.6318607042995021195875528969
3.3 0.2507217366244906026502567489 -0.1759404023835046098060253811 1.7856660920802483994994302782 0.7411770185492123031467160823
3.4 0.3901298407745884484277056155 -0.0819941132379747459000158924 1.0471931035638037177680070664 1.0615346143789224353512413953
3.5 0.4670933801106754464716048089 0.0273808730835142682456084727 0.5186626731765235951793354580 1.1008536166913028593070349247
3.6 0.4979147528021328119445991629 0.1347468198400210388776280541 0.1132161527739388705954333826 1.0348267723362043120338988311
3.7 0.4921674515085288221336345090 0.2324979310983306141489967262 -0.2186151369874788767744172134 0.9126414832327634630937380322
3.8 0.4557408105161503853112273064 0.3158712762142189460333221253 -0.5036468195350711824421496306 0.7480401765339455047278966882
3.9 0.3924957385185998589489174978 0.3806642103912383876120239328 -0.7567688850005155643840969602 0.5399426010139416899607753798
4.0 0.3052124964511831390721946614 0.4220203152279533474657868995 -0.9849613238089231895871599043 0.2762872183128431501071989663
4.1 0.1963986214293723043876083868 0.4331954046134393846503180435 -1.1859242501891967520808924755 -0.0699441538928464618947849495
4.2 0.0697001082180860301940013614 0.4034558333890103879327435472 -1.3352433844106250237397215415 -0.5554041941143863476864598151
4.3 -0.0655032769220103360832948493 0.3134555582183128732232458124 -1.3222652975627696629681916252 -1.3057147223579454772800780489
4.4 -0.1712090716942667925762900276 0.1267487859015184100216897880 -0.5476370100272967193082586838 -2.5149816513999666734910446504
4.5 -0.0878961993860722453096302076 -0.1383678139522546832213562466 2.4322799701883030114865799818 -1.8595882273277120700383375142
4.6 0.1691696251203152868413925825 -0.1714773283752884889148628845 2.2041887834502765300291058542 0.7213564260864144792805082028
4.7 0.3331362679810566847898128627 -0.0628712394399726704083587649 1.1462815776380741764102381626 1.2845549932468494429264906738
4.8 0.4104766221056623918682996586 0.0679859082046300821042515611 0.4481047763601447143833555381 1.2923143039681513342086380838
4.9 0.4297740785492243097204517054 0.1906813382142791955517872425 -0.0362854388728835330386836554 1.1473028937029082036370100257
5.0 0.4072132875542914839590977682 0.2953487915588521148998846048 -0.3994504978050001673324255982 0.9381392745804695619067577806
5.1 0.3524163677268855097893040434 0.3768626151863722636135467535 -0.6860166791168906877207423304 0.6851723766521213077612995231
5.2 0.2718617083099631002696633195 0.4308650059558981574041927583 -0.9166720011371305632007811497 0.3863659704907240990107578980
5.3 0.1707729914096792725031590838 0.4520934454129985920759827327 -1.0962072585121357438623615295 0.0258347855600118569199789400
5.4 0.0547997936860709920239823407 0.4328941323018170641910982152 -1.2094230201277738770170536097 -0.4297849918738343500968345793
5.5 -0.0668678710646751285257950115 0.3608661911888539075054302359 -1.1918058294531212967499957792 -1.0456078319130924396429458418
5.6 -0.1712962938504518489335151282 0.2148551068657659383436002479 -0.7883534506575797793943315358 -1.9300956703687498034504082086
5.7 -0.1773070252886335387231362694 -0.0239018211136064347620002999 1.0891526190930750340396627718 -2.6731443278204128928023480617
5.8 0.0639781203060371659300522400 -0.1797042334174732996204535449 2.7755804683787647365569359724 0.0190133695029434146487561975
5.9 0.2781354126411083726003259749 -0.0978531125346075969013566897 1.5373167786746720637608711204 1.2568294160588328210694533015
6.0 0.3856290844749017227334884999 0.0364781264998213702157887877 0.6838642516235611855019404199 1.3612720300758212362680606568
6.1 0.4250624521505943719784376741 0.1670078059864761073533416702 0.1406768170807791793377727792 1.2315699114923332741043604109
6.2 0.4190825348631887174618563129 0.2805378468821201734627747092 -0.2405360847681720784254048090 1.0320652585125742223760313420
6.3 0.3800624945532084364871313368 0.3723118881485428728388529917 -0.5275651964774610460597251486 0.7987665447886446641770241651
6.4 0.3156312912968226823214849966 0.4393478299661700060108915381 -0.7522948128808707551390282064 0.5369585055069903035239585485
6.5 0.2312000983284286624288410422 0.4785417662428691065672902573 -0.9288450830933066742919451454 0.2400900076247890505811445525
6.6 0.1314107703614923963657084318 0.4856833425350083403241998704 -1.0585954568851506939753883032 -0.1076181187694985010011678725
6.7 0.0215388074030268886188288594 0.4543774937921024321189792090 -1.1257821552945732474257070996 -0.5353162811140320334856126688
6.8 -0.0898378194509934253430979501 0.3742066170862087882161967276 -1.0727783617120558113249791891 -1.0970795927900984262438092889
6.9 -0.1824314295471321766522978447 0.2275458514994497410958837807 -0.6879960270791706958360069298 -1.8826216460760642186385818639
7.0 -0.1879794723754446397527064817 -0.0037603448701837692564271268 0.9422806735595708846023290306 -2.6410154972206313598888908887
7.1 0.0433696706343976141036640780 -0.1759294244782334446395308331 2.8657785371966603877384944186 -0.0962600976676810304792804625
7.2 0.2646360880812559801012423151 -0.0916018623701692820686544931 1.5559006719375346600204270576 1.3508233264004472471949506260
7.3 0.3692931763073054052197253128 0.0519578247097546871535335323 0.6211020469921376193920414853 1.4413239816853820488774313601
7.4 0.4006981369034837529667823928 0.1884636897764984073417578515 0.0483172971018661408685212652 1.2705475998119587037641350815
7.5 0.3850239437600488204571945825 0.3038479805224709515132200463 -0.3394936994012499844973918829 1.0307034964146173088771192146
7.6 0.3363030906686176627037068429 0.3935909202570354082198492341 -0.6210530870878636044216983979 0.7599072117253740789275718324
7.7 0.2631579871759201389850771409 0.4549361808855445197172971681 -0.8317505816582314486431017992 0.4621047920152251471726201943
7.8 0.1718350605160343340670255465 0.4848351945098080236250222975 -0.9856355070191655464134605329 0.1287817350669516465995881314
7.9 0.0679758580289095501400011472 0.4789141502558494616172597280 -1.0806911271368816498011416969 -0.2583015992873315819768458863
8.0 -0.0415295555764151821821190423 0.4303311671982405239568371467 -1.0912973145549136847319520732 -0.7315453403149788355435325011
8.1 -0.1447147571714250453699373151 0.3279071973236575375596284165 -0.9302428853475091739878261477 -1.3472479686675881417504798119
8.2 -0.2118646247528586664357621401 0.1541910272192459387285740236 -0.2756340789693200551866915831 -2.1593963539725699137938016597
8.3 -0.1469674061096275607121143404 -0.0853674941905138389820780909 1.9751049070815481414164009475 -2.2548553593704046492201986512
8.4 0.1340832223826013257211024301 -0.1482018071653514446641181695 2.5629201987018698358922511399 0.8962388641652644820850095220
8.5 0.3117873777624776214162894197 -0.0115627669695753379738686117 1.1361454307575667933246984147 1.5615225306250175158988479512
8.6 0.3834638130068460179532457043 0.1403662069074875352356835574 0.3736970410241333020530909183 1.4406950993606435586118314425
8.7 0.3967871149049842527560251598 0.2731771035139148915515792668 -0.0730520782921949102282507493 1.2098272015748772252995763927
8.8 0.3738306757288847499044432375 0.3817946425897142959430511485 -0.3679644889629548701676469278 0.9617004510122474039023220528
8.9 0.3260263436670334447896707569 0.4654033650093518564595308177 -0.5769915225631925187544113087 0.7099616589683139925717755205
9.0 0.2602911106708111276048771086 0.5236059815990314765962987720 -0.7298521864803744188520390943 0.4527431965388249488481152008
9.1 0.1814693651850492073654400703 0.5555515829771771926317075177 -0.8400815228781169488779532372 0.1834545467287892278441095640
9.2 0.0935598936420224299146551557 0.5595709572634748163169578440 -0.9115549395949309316342605237 -0.1077349466209448888046250381
9.3 0.0006170288829810135830706958 0.5328022682140614058177330291 -0.9389384988947226326585856203 -0.4352501674100286974286203258
9.4 -0.0921012281217240183995014628 0.4705721563151627428046536981 -0.9017017199376136911524466656 -0.8217510107013905974956657139
9.5 -0.1757068509281883236417993900 0.3652698437087812842797723090 -0.7412499697913566763112614957 -1.3046943711879765065221341886
9.6 -0.2303038629598313239575484581 0.2047662116213598379270279549 -0.2674296483791629785787157562 -1.9332695435674182133244627131
9.7 -0.1952469339484958112292229399 -0.0191490597090616802674849379 1.2781659728367401554171074379 -2.4355021297978323041684840309
9.8 0.0562981058168515187402753523 -0.1633282730737272685246941521 2.9506713040998186513984760375 0.3210046098525103061767542170
9.9 0.2660428671593704896094511255 -0.0368535888578284371612969046 1.2979851992571443696939724523 1.6995929714295463147718178546
10.0 0.3405293249798496361633886954 0.1307425910695941137839789647 0.3041337623711964898871668592 1.5850712303737544599874724241
10.1 0.3417632289722893621714910476 0.2742818750974270894635355036 -0.2310348068394818328137661968 1.2775843126256792523549117286
10.2 0.3012156527652242716078340312 0.3856195116977006410980745400 -0.5554059552080269006800030280 0.9489036314506042438255825661
10.3 0.2344842644694609395730759286 0.4640542736421533703646250829 -0.7643275601437929220028865917 0.6197026891402254396622659135
10.4 0.1508742911378915654792183505 0.5094012276551120604951707248 -0.8969316298684709202368583085 0.2856810547193041153114114022
10.5 0.0571587664121859482521916303 0.5206698121555666672215452433 -0.9673333722334526197432411106 -0.0640546576215502646640353033
10.6 -0.0404386953061031070274046738 0.4955578113635411483702582109 -0.9726521591884115891057615354 -0.4449852953552689648462415942
10.7 -0.1344132921130729519903351367 0.4299114675133192499028701959 -0.8881499787200976850787258854 -0.8791849185354927063405160700
10.8 -0.2127226246853108074156832344 0.3169464408883947168908371101 -0.6398632049064814653415235813 -1.3971134240615235267506119838
10.9 -0.2496205648232834048765230191 0.1473186842307297832726642039 0.0052408911529734049157215053 -2.0061331146469017915427211446
11.0 -0.1740134679356065476620778408 -0.0711559882772277967532409711 1.8104419754703828469592237176 -2.1330315200325841942662061700
11.1 0.1018986448899750636596948223 -0.1503925448570323384197893718 2.7084221357706266243381961729 0.9094674669560197197391831520
11.2 0.2790296511442361396054091163 0.0060317850993961332910293509 0.9767404026083228721336699558 1.8130384571384683410619009152
11.3 0.3255848341672245201965882837 0.1774327137371854142565886046 0.0610472388646998548205943014 1.5689667443034402772212037579
11.4 0.3053195800974797031425721405 0.3161343354082956320217566686 -0.4206850228072639961473054375 1.2020422004426544641032241311
11.5 0.2480080329504855041579101488 0.4178297080960403593683775442 -0.7019606764868513490619501080 0.8334406470207646723467033668
11.6 0.1686478556902713187572163003 0.4830589582114336248226203681 -0.8703502047839139955831205035 0.4718087666890184567155430553
11.7 0.0765382268626171200342944185 0.5121258767676531079012467752 -0.9601538025411270410892769603 0.1081863583891495041481482966
11.8 -0.0210783250261024771323181813 0.5041810490215159231355316801 -0.9803778637010213161134668607 -0.2709921321866250698041934677
11.9 -0.1168647742866826776219694598 0.4568362891168752441853712827 -0.9197260712254425480377839915 -0.6831464408725898680629341851
12.0 -0.2009458625129167045674051426 0.3657179027049019855694160865 -0.7349301619075581607820665899 -1.1506725227434367998075736208
12.1 -0.2557341117139352087387272916 0.2242234779087647901226069325 -0.3003809465216067347091407397 -1.6917865848000720044825505831
12.2 -0.2400640849078426443960694609 0.0285549723441182297447340552 0.7868480856686626211264568875 -2.1763706367233544773124125077
12.3 -0.0562822125018012380967842361 -0.1538824639667561212592741523 2.9617295564420337740821392485 -0.7860699905874546995620225580
12.4 0.2048291143304406249635647850 -0.0566580075918481159500715005 1.6510069696635252980531716287 1.9843723677039995402628560688
12.5 0.2872939379775519750182746338 0.1419397881419484622084088359 0.2188598406375697026999422170 1.8485072227816113388895737713
12.6 0.2754902076248980801022453420 0.3041695677387896101303514345 -0.3781165233460368921072992932 1.3974669512142313699686464655
12.7 0.2216382565821885187748857507 0.4227674420823616284857213095 -0.6671297158996206979748973115 0.9834009698193071913165441584
12.8 0.1466653548883030237378452532 0.5023774158619012182973368217 -0.8156568846237002023377576175 0.6152264257737991948138593212
12.9 0.0611712821402093353791881017 0.5468071061870274309949628964 -0.8834024555811975771842029715 0.2770787054337391489411498063
13.0 -0.0280989631833536045905863269 0.5582981891814517557048251962 -0.8932729411617351676294326112 -0.0458143062508544778955000580
13.1 -0.1157551675234274545096855358 0.5377279286881518547158392769 -0.8510110949839035344839987997 -0.3661829317044584856638932101
13.2 -0.1963399863378442286903861295 0.4847445745039449155337616688 -0.7495128282471883036147193591 -0.6961278012461786213079298353
13.3 -0.2628962698956432864125883806 0.3977722808797204743291052366 -0.5642982131690334177987245134 -1.0480856680118646382486911656
13.4 -0.3044404530792330807469168971 0.2740606460050433830353056192 -0.2338334580379672904651384352 -1.4318578461682648330074278761
13.5 -0.2995275341600157261218685328 0.1110835361036767820357477611 0.4093944277392843757599864352 -1.8211246662986655059677280231
13.6 -0.1964491715257572781428092535 -0.0783615042929947678933033065 1.8594015528767532686395598241 -1.8034919388061355631597653647
13.7 0.0742123885700184642191904369 -0.1466104216256582281261616475 2.8502912967298018460133833994 1.1065213344133587830288561252
13.8 0.2370640224056394729980255192 0.0535110504079071522529940889 0.5569284721389063480918973294 2.2348470348641996481733900487
13.9 0.2328103575467395759404516482 0.2489746894332722149002842149 -0.4680391231022149928424814573 1.6471350704661771751347751481
14.0 0.1641738407724713701364656156 0.3837922656277469752502881461 -0.8462242211668729978708740349 1.0673179606739870542395091075
14.1 0.0713617561578517716776014639 0.4656470217153389582907163537 -0.9843348540798079225920394188 0.5836096120590235144035984120
14.2 -0.0288079731869473497152164304 0.5027063889697834396895014637 -1.0041398151437409813394279626 0.1661866477251944288370256646
14.3 -0.1268907429235397959733681735 0.5002094942559735461596331470 -0.9460099791671733706262511656 -0.2111803126239938144390060024
14.4 -0.2157289238861237924673168006 0.4611896603401655758821065288 -0.8190099642726270801618877253 -0.5668274358353725655975164452
14.5 -0.2880453935237951107030559011 0.3871473869407539622433472542 -0.6119898124371705902869171128 -0.9132926587102501542447033885
14.6 -0.3342719236045005458603389920 0.2786567141870226226369894703 -0.2879880561255042487138957752 -1.2557147786410966214970134014
14.7 -0.3388225365411067576023465131 0.1367352128039958842198296154 0.2443830001310506596930043758 -1.5743219650440303208146012106
14.8 -0.2710138448338150945977249169 -0.0305311300338229103429566398 1.2190450857652911835832995655 -1.7075923787332081321420192487
14.9 -0.0706175672901622250444790742 -0.1628834956124291440996018354 2.8626389575638980513334653995 -0.4775491596461420994361378270
15.0 0.1882827500160025779902176693 -0.0382446070819214369005315155 1.4348299973165965530125862443 2.3641331480735221671542727648
15.1 0.2321903839177001144407208799 0.1858762161022887491272768848 -0.2396493588370212137158384849 1.9615579090883914381518706451
15.2 0.1768659619304842007408118972 0.3480222908681141335015741103 -0.7733615852398239541782399917 1.3052422688667190997097863622
15.3 0.0888930279256188013213002754 0.4515242275753997221799237059 -0.9527546491772884017125372644 0.7853056037169271302765119267
15.4 -0.0090519108330393840357954648 0.5083190500872633911400415399 -0.9901041264573238987571612624 0.3633253916137485218176670889
15.5 -0.1065971846426287577671695546 0.5261875212554191181794138809 -0.9505997914253742914736540108 0.0018175710426671832639179326
15.6 -0.1973356234951908503060486614 0.5098990356124593622909419622 -0.8556068170093742193589786475 -0.3229366700991368284339054098
15.7 -0.2759656533288048249595152724 0.4623122392356556680170575921 -0.7077228039349429530124948217 -0.6262050500494719504251470261
15.8 -0.3367621216828488893394060489 0.3850448981750132617268989730 -0.4958513714632455622914464910 -0.9177842140336378165677872539
15.9 -0.3720468215498039047378829555 0.2790210953057743606155386933 -0.1903406989327528936897940952 -1.2011685191690143227732119993
16.0 -0.3695251266606238446576088298 0.1455173155620560206181880793 0.2769130951435295518291649141 -1.4621350789644143518625257579
16.1 -0.3059462396142135204573411971 -0.0096045595177719595530798681 1.0734604915352850911530321276 -1.6005749423053952524136034885
16.2 -0.1328487296707334920102045766 -0.1496781141455864507287643955 2.5241881186839977750319103537 -0.9197248852098013567015533402
16.3 0.1447327547708627987484440797 -0.0921860423219414018832997731 2.0112426210936082356350343393 2.1736026728035774098464186037
16.4 0.2143646409118709936747919881 0.1447410949524984481449168183 -0.2481720105096355999164714695 2.1649060660758096464149918295
16.5 0.1474576979915292211274852309 0.3188941287271795726647497301 -0.9464144261428073603488041459 1.3440735808295404218600650110
16.6 0.0417881367245704238051654402 0.4197273867949048122006151062 -1.1213131931871083772009998817 0.7024516033916632158946387820
16.7 -0.0707028293853468676570864521 0.4640790449058451579942112194 -1.1083307471216261401445009561 0.2030056602934326756869924876
16.8 -0.1767358439705571986811869228 0.4632241945902756006754610764 -0.9997502887173466455856068723 -0.2087379497486498987041177316
16.9 -0.2683422458313081066914373418 0.4241643315827885105684949429 -0.8212973849933543043802505576 -0.5650804001950778480469678918
17.0 -0.3386291273957063539239447248 0.3514636022677355265232139382 -0.5713805555166395847604185030 -0.8835050132671347309782832751
17.1 -0.3794932228156249786726765364 0.2485505417847686155938064443 -0.2268795964175960823493453654 -1.1689509238114167544423870017
17.2 -0.3790420104406737299738380461 0.1193220684465427754868783285 0.2684869780178136631576787422 -1.4036344439749618994864922255
17.3 -0.3166814867048190630653117563 -0.0274185510186953339898752845 1.0423001608349660829640864619 -1.4886302472830285043421443066
17.4 -0.1540567616215174230578499178 -0.1571877647910112960025396225 2.3075641533151337640985202499 -0.8910946016494571456763080658
17.5 0.1118931394042123071741548130 -0.1225909092288292224086418730 2.2861999965005059635244392299 1.9637724432440454823326081455
17.6 0.1918444460418317694844427166 0.1266888428984581575238799122 -0.3837009794360923956333347585 2.3528925450247877631509555162
17.7 0.1033584063148776275502961861 0.3079339157086783689508817762 -1.1825896862290998843435403121 1.3142668514928769723808914196
17.8 -0.0226073534303715337631750257 0.3995336546241424184663486224 -1.2833850778677525465455449022 0.5642204201335978246052986532
17.9 -0.1466908362775044834347652417 0.4278299983043474382018885514 -1.1784315727929559189226203532 0.0284160748931474653533364779
18.0 -0.2553472368933187448664762954 0.4093686977629999356065522523 -0.9834720627586412097178360517 -0.3814308843408203452827900599
18.1 -0.3413415247810566247839240750 0.3542049067289601859386746762 -0.7266358601839189337734682713 -0.7107896206688000556493943431
18.2 -0.3985591181811442796131255304 0.2691898409116859901023222342 -0.4059046496490311714663738639 -0.9803679657833732541518459723
18.3 -0.4196783867992057352194132374 0.1600534953717102590590643823 0.0008694673559445103387075433 -1.1917200814268305076079337455
18.4 -0.3939193290630303259009360687 0.0336994355176797700580578368 0.5431993660347982997874092853 -1.3157656245043027169895938143
18.5 -0.3033332454701191199465428822 -0.0963341590604438013466475591 1.3198071756844178578491735140 -1.2292008580550778744502810813
18.6 -0.1189536229700837055646855850 -0.1882563623043254082738825298 2.4126848011024896617665708453 -0.3849965626438121899529653691
18.7 0.1320109632921283838001996512 -0.1016169241685605731554877288 1.8599259267838602179048130514 2.3558653037827577915975898555
18.8 0.1608994797493446746982694660 0.1596925682430736618674326474 -0.8703212578149962135833865709 2.2437372930315588408293653821
18.9 0.0347276218478149210429548603 0.3192541731593230185792492739 -1.4538032822681187263203372158 1.0328157609052742502458747076
19.0 -0.1095281332370882377515529879 0.3811232635394545051618258741 -1.3876174840147665334102133011 0.2634328112728636232547147062
19.1 -0.2376868499203503473480299829 0.3805371375857051981916894931 -1.1616532202369779671272746559 -0.2437989679413137956445062735
19.2 -0.3398469398709388115784026294 0.3372036702468336828474639635 -0.8740113843537709059116847385 -0.6040370804467149544433786040
19.3 -0.4110517804783841043102523200 0.2628708429910998976108129711 -0.5428283132281801385595246071 -0.8692487921751279124159593236
19.4 -0.4467464957606760075836333126 0.1658412850199320438965608479 -0.1613145026114014595413285813 -1.0593197710231047363720496180
19.5 -0.4409001873714897131541450253 0.0536372961001708014618170902 0.2932353765014379210324212339 -1.1697167918913009599857848664
19.6 -0.3842696449002960460450464538 -0.0640757766981906361454169921 0.8638676792596964955364945595 -1.1571223836906007076004311842
19.7 -0.2620170980333209384338400425 -0.1687854707389374792053647687 1.6188477795542301356414324546 -0.8654473970413098266814006052
19.8 -0.0562026759954655722433263599 -0.2091092353961946693660692119 2.4735933962830213178929231404 0.3069466617427796602902844768
19.9 0.1603921593913272681357806711 -0.0512301010368751214032178374 1.0444664150800280321830673389 2.7837512863485385925411666904
20.0 0.1151865279415457823972141212 0.2023874092230847681152296008 -1.4004211583071330296442501455 1.8801885413104256593803844537
20.1 -0.0450200773512601709895671780 0.3206317911347441100779301999 -1.6444782587121519529354869309 0.6057743828434216000020704951
20.2 -0.1983476037935310969806850706 0.3416482998475166548879171123 -1.3933002682704320500938906623 -0.1209055804540041025543442073
20.3 -0.3205698263255472848678802771 0.3057281766851888703617414245 -1.0438858300544875755572319916 -0.5641662865870397088326109323
20.4 -0.4060752626617721495229405148 0.2340073802105581905145650881 -0.6621238817860848549009956523 -0.8497393384334227242464786543
20.5 -0.4520758869809175166239963392 0.1393223549806589579876744469 -0.2525330490389904694865850851 -1.0281824673322192902335311769
20.6 -0.4552111148970600420798813571 0.0314976253768832732889179480 0.1984775701485187594389216220 -1.1121248044761250246739992814
20.7 -0.4101733833610662407656216297 -0.0792949223290551031751309273 0.7162293881163350765246470966 -1.0805348769044420067304584741
20.8 -0.3085612198568921980152993868 -0.1780804418108774303014754838 1.3366305723590923706902979435 -0.8490121903778665689642340896
20.9 -0.1393259791999426311851653912 -0.2336900202670830600882022046 2.0565129811401468773362744280 -0.1393382617464303767323174010
21.0 0.0839707128674644691829512187 -0.1638979000057774899401401576 2.1101023037512921993680849433 1.8358622709459025402574122332
21.1 0.1573404592121073654637577893 0.1050763753837414418960465312 -0.8410595215036699147767314665 2.6161390150991468183010933724
21.2 0.0093333185500317692144398963 0.2803879507161078209051695781 -1.7501195336869007839965377174 0.9950984091577656124920985738
21.3 -0.1584988487478858898262117984 0.3280363449403895053337992646 -1.5515664079802109321763898210 0.0565945650519282545302709615
21.4 -0.2958416228370381435637699355 0.3052928354457206642079086833 -1.1868643147107952123288726728 -0.4653125775625798011849548982
21.5 -0.3950103273972228229131006453 0.2417925605319550869163468688 -0.7946857293120070085321961298 -0.7793489975817013897719237776
21.6 -0.4543971344816396430058192554 0.1535503438559931254045436967 -0.3907791215652966678234904881 -0.9683065717697298153843374332
21.7 -0.4724857414317675668221196992 0.0512874532435004271323500809 0.0336938594052747968180048120 -1.0618903984667568671442132674
21.8 -0.4463790804008019787348311388 -0.0556126248556722877589225539 0.4968266462911575727103868505 -1.0582264869522299336915679119
21.9 -0.3709909398785012854884615786 -0.1558498398579134000873675133 1.0242856051928940603829858389 -0.9174489613503500133596206024
22.0 -0.2385673611432739718934767461 -0.2304796539351451172423987271 1.6397777295700557406023553421 -0.5116567319736083303271895842
22.1 -0.0435513111070755529988008404 -0.2364312506654567623283951797 2.2196936073800071874296425472 0.5695565772058906807241817804
22.2 0.1517004680966581170633802537 -0.0732804972852925224251755831 1.0503042393294089457332016056 2.7886082907242446020661854531
22.3 0.0871914394516886024888278655 0.1921894358387969057561792154 -1.7612394998734318974722204684 1.8523421009904197115707667934
22.4 -0.1016239758421557179664369747 0.2928599125109716594588190877 -1.8309287646050287442379043957 0.3562706292094485626105240020
22.5 -0.2646693721204225150661450869 0.2896676358032777272501388179 -1.4173903626250241843738758523 -0.3378852790241602940895863668
22.6 -0.3847199513119904577642428273 0.2362949450441606988072224108 -0.9875101552410110178615050319 -0.6931180491872333967795767713
22.7 -0.4629630429047786923219354308 0.1564472530364039869045855950 -0.5810213776072772021384521458 -0.8836575786937205739650708662
22.8 -0.5014253988253997587755554198 0.0628920043135695614339442389 -0.1896209171181625287805673499 -0.9733738290999741477211569390
22.9 -0.5009095543885975687786391199 -0.0356052792810476398274148951 0.2011045887395361285692168324 -0.9838894280121698064373435974
23.0 -0.4607018478244957944812643347 -0.1311745644680308561046373545 0.6070128698506320439214591553 -0.9124672565476560016102091608
23.1 -0.3784342104458664671524830094 -0.2144071160302099250923743540 1.0452729534751706625663005511 -0.7290198215852708051144737694
23.2 -0.2501531343504220053113633482 -0.2704783935114540222049961140 1.5278967244512604300137925563 -0.3467354056715760817005471037
23.3 -0.0732195063006312044818950093 -0.2691328664052953476565567144 1.9905489768982495173872939985 0.4878775298768501820381983883
23.4 0.1211790385057636155581876549 -0.1376618964039146400464743090 1.5456429960897833447000050655 2.3702437115903534089943319505
23.5 0.1157571789171747510327114797 0.1470334712020218665004664294 -1.5932985979365410237337548743 2.2955965147890190881906578802
23.6 -0.0775905254310958868113275760 0.2744726160975296974902063156 -1.9582119124099821584982848986 0.4829912707034710740976598380
23.7 -0.2520365071216134733678711186 0.2772945082404072626422007845 -1.5126824191203508462546397117 -0.3195627228211389300297328930
23.8 -0.3798082189541622596770669484 0.2243233258618265491020940670 -1.0495815889429218847441347817 -0.6965472414827097824285054340
23.9 -0.4633082336197166221208715163 0.1441785715263504672326786922 -0.6267138663709188691016033336 -0.8841657891344920443560351256
24.0 -0.5061194405610179206185161796 0.0510291953668448618440504277 -0.2330458396149366230861695958 -0.9644123880714913684512481432
24.1 -0.5103490873838605228630203574 -0.0461136025508857677163818782 0.1475826916085593732768790106 -0.9663864256992682120050664942
24.2 -0.4765257889164725939841937246 -0.1397738588197368635262198428 0.5305417193214228210663577128 -0.8936434218888208383170337974
24.3 -0.4036734764507379052922909287 -0.2217544519335720455700130251 0.9306064498864537015752827394 -0.7274044342009556424871254295
24.4 -0.2894497155088558591202495034 -0.2803281565506368961290841663 1.3591536147622662768567403952 -0.4110937628505574199034683875
24.5 -0.1315212424391220463144250465 -0.2940788730702547919354228456 1.7939524685737156314537624628 0.2095746648114196266055238077
24.6 0.0595809915297720895374725609 -0.2143610600562990123526305267 1.8957306832332593802378825062 1.5714602720916519965399975850
24.7 0.1607644306880190199417577059 0.0342502228626079210209043200 -0.5817739086412884696720896073 2.9861960877715622509347330054
24.8 -0.0203342747000641778904080975 0.2272411270797539099549042987 -2.2722512045779306814441295880 0.8040082559013726938764855703
24.9 -0.2234681387036825045638745386 0.2374059418952765317666792163 -1.7332376012629631489378735164 -0.3961150580899219636283556870
25.0 -0.3657400932547576038447632847 0.1724476607216534258267185265 -1.1293186747065560115327313649 -0.8346135465245585575576113364
25.1 -0.4525841415137386016882598629 0.0794848854364037190293260329 -0.6222118330158384051992597950 -0.9954912742383045950962220226
25.2 -0.4925209455003643726708646661 -0.0222944250191663751198323724 -0.1857806851885711814592589522 -1.0235947895449909738253839832
25.3 -0.4911690362584446149509365608 -0.1224124436757451866365442842 0.2074588231904024339666422055 -0.9662751994843570431858645881
25.4 -0.4518158894280884687417532586 -0.2130855640732634222024850784 0.5769398608733952847948932771 -0.8345488796038803702176722631
25.5 -0.3761369890641687764880689456 -0.2864735138448995780221725451 0.9356426625449187670283903445 -0.6166986111487860042132142375
25.6 -0.2648961919426616990243569302 -0.3322579989557540670541378227 1.2877252634273879604010096406 -0.2723443483266835478826134778
25.7 -0.1196169865882794236548274415 -0.3335002590319175797596121760 1.6066646409428031146577616764 0.2994814946739205251910131690
25.8 0.0491764571128345929745004346 -0.2566372328105967192583172364 1.6887745623202072316657107875 1.3542571668472945902680274814
25.9 0.1673575375787871815957343011 -0.0409671814320997534800659387 0.1426774945252573257317743418 2.9526898659277399212523954254
26.0 0.0130504809352459058567624740 0.1983200648940617606661265411 -2.4453748743789909111216485698 1.1519189444006945009948694404
26.1 -0.2094364734009531002784151928 0.2223422352666675004200816032 -1.8994871307965744702723777738 -0.3708226376106791299959944658
26.2 -0.3648241864763103487326613951 0.1578050248598231427741001621 -1.2367147533608552478466669160 -0.8355811070140610759923936064
26.3 -0.4617788923222043676927801613 0.0655090633557452263226621484 -0.7234823569916449365345696524 -0.9801343369399100820396370635
26.4 -0.5128189414687467436714585141 -0.0340089935366671222841153035 -0.3101895847871110809161771638 -0.9955740599633851755567763637
26.5 -0.5258381376445843421154246801 -0.1312798366543500937409498123 0.0419270895116778931648722864 -0.9403955003198063299695305089
26.6 -0.5056759811019693569763239484 -0.2203733611366002563963959329 0.3565086081507022220258546369 -0.8334091700960498302663293373
26.7 -0.4552882376674177217288314332 -0.2962979673105548472083007511 0.6484064689169074041343046574 -0.6762276197739302560220014665
26.8 -0.3764424620306114707461607388 -0.3535884232610177134266406478 0.9267780123125619262835942511 -0.4577114467480276441494623127
26.9 -0.2702882165026466357011269808 -0.3848752398188941819390004170 1.1942452716539618805399453928 -0.1493389730114454254849088244
27.0 -0.1384140400895409139699139785 -0.3783993827630990736853851752 1.4358938304363982010630064814 0.3131281994401569827973813899
27.1 0.0131037399570124983118615689 -0.3121742156456333211572825100 1.5561301703130188216694230833 1.0849028358822957027003687295
27.2 0.1497680752974572203339697603 -0.1407995977505373297174488546 0.9205224086083738130071020237 2.4730959145461704842335263455
27.3 0.0987001155693775997766837653 0.1358368545594150956311920911 -2.1634610674843846567778395862 2.0883689187403247093971215245
27.4 -0.1436427373489272687714186555 0.2053748791625199431264981694 -2.2159635735957387504891351326 -0.3125584326283657496204289153
27.5 -0.3193806734000849452792059796 0.1309314922454191318171383789 -1.3322538062504603400400676134 -1.0193666937703331486648023540
27.6 -0.4175375904845209368266759751 0.0192915272645934457279417031 -0.6655191143340463421003408868 -1.1667479311153812707426275521
27.7 -0.4578454882543357902307127447 -0.0963240329133890071894197468 -0.1613689826865406316080661132 -1.1260211674579403017660823079
27.8 -0.4530566685088777120613469312 -0.2029201718624596543202829496 0.2444314618001872629734052290 -0.9941359592946539824926682871
27.9 -0.4110217068771420970556582406 -0.2930073831340973250679179764 0.5878762592646594641105730733 -0.7973980696940808615350360663
28.0 -0.3369294251715972381651615052 -0.3602263362362471044470027488 0.8875933412856347295618812862 -0.5350245159180668831884818880
28.1 -0.2347796888149812882527772526 -0.3971662178269092260082676568 1.1486398733738447791279662450 -0.1865538116521038375645492149
28.2 -0.1090094144417519089040476499 -0.3930942885924563354180195805 1.3542757474286641952145136728 0.2968373113386331149667739748
28.3 0.0315352513690274361099901351 -0.3298680412463084321372400859 1.4180382869128941515476357238 1.0221731707974153223853627040
28.4 0.1567738778684673194369589899 -0.1743823962554100561432322448 0.9116948573215677876453238082 2.1752122915058706488332452145
28.5 0.1401534514428220709065281085 0.0862098638827090805106205056 -1.7315367243496648233227436507 2.5024318065330467628375967841
28.6 -0.1141154033549028545396578015 0.1846877767925315793921802273 -2.4942754055056518295316051342 -0.3447196390002529603636891231
28.7 -0.3049726877380859078552405867 0.0949695135526702584960601720 -1.3785135771527912797738399072 -1.2102173440167874592010354807
28.8 -0.4021754918315809877625193674 -0.0329149163828614014294460734 -0.6199845583715225715815928001 -1.2939792465409453953614081137
28.9 -0.4369451480480715926442906343 -0.1575704715343820475338135781 -0.1045413397806663393845361613 -1.1820079259634072756709161068
29.0 -0.4275136528921657265055901397 -0.2669389040956076672291395604 0.2762845907003449107822284749 -0.9970415944761910482379737543
29.1 -0.3843978418030935442643724767 -0.3555525949110419787728102111 0.5750859301165385940468101902 -0.7688042780469524019756402726
29.2 -0.3143695340449505348438308684 -0.4193627587875455407830385738 0.8173216684084260986045547156 -0.5001939224076285332042832644
29.3 -0.2224775893044299143904987136 -0.4539090500277859411388947920 1.0129345877606860658072943602 -0.1807814605282518561288286104
29.4 -0.1134786027824892569319153497 -0.4530441051961657484840926515 1.1571303647513356688088216660 0.2135300409058387295010981141
29.5 0.0061904222547391792275779920 -0.4071800924777358893547774155 1.2168597345334052987215766429 0.7299890983680045938122731980
29.6 0.1231719402183534297177382121 -0.3000298899825076336510752215 1.0672047495986386223715848848 1.4598022574813501260565933817
29.7 0.1957781553570800334179495873 -0.1054382903954500580065064682 0.1588358205515564986007031606 2.4683684538046635017470184139
29.8 0.0835118593482323331093958593 0.1401779181415007504394717271 -2.6000802434521187589143984442 1.6228373494465084275804622534
29.9 -0.1820621207742562234357139784 0.1389535343016710255701627279 -2.1396021044994836845306594080 -1.1133272792742512783057524519
30.0 -0.3287812855641668833217285897 -0.0018749767246583232923161798 -0.9071988171609485765831272264 -1.5259414044991279783421577157
30.1 -0.3804960742022235286281480951 -0.1491968791481985773356755771 -0.1879313585827164472693224784 -1.3877640480305800829005961265
30.2 -0.3750054718821519985792995135 -0.2758535580605453216230746588 0.2671538003578562102869427245 -1.1367958752235414529014940489
30.3 -0.3317182232855759541476109508 -0.3753965913272885641308344062 0.5807911914273672042352105025 -0.8500376122613579639936956210
30.4 -0.2617681371294500123029347206 -0.4450807667141513285579400407 0.8060315996300380951829764876 -0.5396028683619983785018526059
30.5 -0.1727054747295520839420954386 -0.4823467214337472691428659159 0.9650356840803697562736866984 -0.1998674435266933974941419731
30.6 -0.0708480704614794643932198895 -0.4835795030214821516341684832 1.0609758358587363167986578843 0.1844251697648437278608558461
30.7 0.0367999313196361752421283463 -0.4431092816965745051238792190 1.0752444339037315097703110536 0.6399254129072607564914024724
30.8 0.1393736557356087935686774377 -0.3517703907569266113870326554 0.9414598185673905063521007152 1.2112928433251283787964831652
30.9 0.2130559158264509305721536290 -0.1952095799643164656218228318 0.4324399123839323349911694046 1.9505845905834797160547916519
31.0 0.1866685363817736117327363395 0.0329451627828216209514689403 -1.2963177714617338486982854228 2.4497572481399613412426071883
31.1 -0.0625671029423045656298854694 0.1699993218760929269460060413 -2.8373442668349944193807675099 -0.2821514482668166221508186086
31.2 -0.2692792439585003303226300836 0.0546572622739723898865326113 -1.3322248705794905431039868785 -1.5863986750744971560301856754
31.3 -0.3487208074672189052881692732 -0.1053202667050124598577945004 -0.3539262624897389691118127009 -1.5407041875751359889840882118
31.4 -0.3535385455557329433782840227 -0.2463826786007242649594222752 0.2115753938774476532781641117 -1.2668250558830978734025531081
31.5 -0.3131302280613117245438473472 -0.3571424123771712319157889892 0.5719452144306835508787600874 -0.9444444511206405359806803869
31.6 -0.2430610187899517018687159988 -0.4346207681193248997058765309 0.8136951596587820249289730034 -0.6021170544857975014940653319
31.7 -0.1531412724633590890411400958 -0.4768271981937004544528375613 0.9723340123025970981047032842 -0.2374585023381832411599700273
31.8 -0.0510441907002789289120642057 -0.4809258751676243819165305264 1.0569662051505241586685972647 0.1630429853122113303545424075
31.9 0.0553185493735062756379266511 -0.4422727055397734794416121310 1.0526753731570389665377197500 0.6224027030476481598085903034
32.0 0.1546463232811025178839197479 -0.3533207723459550577075202642 0.9002927321006204501519653742 1.1762832293536131483850722800
32.1 0.2244105554873698861669360741 -0.2026551386580193028943685845 0.4079730100539701418267520730 1.8596370040279586610054220083
32.2 0.2038048565024399710102839650 0.0147207920025573596598401570 -1.0939460252966025979018087422 2.3743116646182101625982578584
32.3 -0.0238923955250516715668689076 0.1704034465133773492229915021 -2.9327587643185425055536524932 -0.0103714492565672101458705717
32.4 -0.2431798744237017282481692169 0.0540947079404106825334608529 -1.3605551058904945851723618056 -1.7534393827635717760647487957
32.5 -0.3147255892622853811469497985 -0.1218180978027975401730940145 -0.1998558802250878799914404670 -1.6660420412359439095050589916
32.6 -0.3009940495105576697203734327 -0.2702267700147580382896377354 0.4147119133099484555796031151 -1.2888418884374138585998695833
32.7 -0.2403708047645158676853517203 -0.3783927883810541495443398368 0.7668567798397701040889043381 -0.8729301588563292293955199197
32.8 -0.1525164596778232951012843966 -0.4445752625866474624864346461 0.9704693850158937027265586043 -0.4494814426526063231415895004
32.9 -0.0498033068138116851343439329 -0.4678313497786999729713997590 1.0674655498905369058014095802 -0.0121708977018994556164890032
33.0 0.0575953064892547345348322070 -0.4459967285816767414735381736 1.0622312388179484719111913344 0.4557375260227063390997070644
33.1 0.1581778564157031916375604130 -0.3749120134382470148621888860 0.9213849334998410683288887702 0.9771387913091249897631818774
33.2 0.2338277645276056067880424599 -0.2481104852257530063635763301 0.5339416087549447171263610228 1.5717700980124672162389319106
33.3 0.2458794501517633746794779700 -0.0608284157225838177947879486 -0.4447071832613445672028793286 2.1435334798940283198224595543
33.4 0.1035632965564422152061039108 0.1394709506956385867873726022 -2.5814398987902784221293127696 1.3514838538939839762953236010
33.5 -0.1714938716290468248780229513 0.1057897762529734803219639861 -2.0720435626059065124469563349 -1.6373703180070134177088575296
33.6 -0.2881240436500978222516131223 -0.0811486420853124609660661916 -0.4606286947338940803791891741 -1.8650973597183936599417015279
33.7 -0.2918807428182664635254555346 -0.2484491031117034761177659126 0.2945402787770972863650164222 -1.4623154915475533160899562403
33.8 -0.2413133376912875533213996033 -0.3727119746823254903559124195 0.6771256938791322347357033534 -1.0261643550053489286012311332
33.9 -0.1622883772776249257593163650 -0.4544254183343711576729411176 0.8817996635930437881247234503 -0.6117987045663289352417278699
34.0 -0.0684840772786729910575847660 -0.4955860297143237059334232123 0.9794862656875761877923373441 -0.2129004435418551379339113351
34.1 0.0308710359462102061420214972 -0.4970427575871749674205268664 0.9944672851842727399329149471 0.1848735575871538191740875242
34.2 0.1276135495377874522505710604 -0.4581159522665707512640133282 0.9249553720955849779952594882 0.5976104354480625709748106278
34.3 0.2120835670303164095966317802 -0.3764487970895492288689091027 0.7407839484868839087902928888 1.0426681179747191551341771053
34.4 0.2691373673097843060108360262 -0.2480992112259752093889498581 0.3537189893478270401048688868 1.5317181774786848840026891743
34.5 0.2679338799570272140670489848 -0.0706061382212562009491001522 -0.4939803688420914891921213953 1.9963061270446196862712003031
34.6 0.1349640431304551722058424120 0.1233470850148655075585367333 -2.3893959139082226627906464119 1.5209605040845749428020707963
34.7 -0.1489774411532261917269963651 0.1146412546985984079568834764 -2.2725150949287450944055713691 -1.6074649714889227476355581053
34.8 -0.2746319329149120797432057785 -0.0789936141676377348159118542 -0.4694223690104311866559255005 -1.9556406416353231145752297476
34.9 -0.2762929427676795269793942730 -0.2530416625876690483068030596 0.3299054400067687339464771038 -1.5075310096291538602715776754
35.0 -0.2223538024264947971871535320 -0.3801865099791481574357435274 0.7056446464770756923247836150 -1.0421383490710153935789475946
35.1 -0.1413585681638758200993545100 -0.4628123102147056573446757515 0.8920180517085907935928426619 -0.6166097030247090446008856632
35.2 -0.0475085781970587721876109802 -0.5044637919086724619536787436 0.9704434270746863977205341843 -0.2198851100473978592600515527
35.3 0.0501056399692521345915974904 -0.5072053628667343681457620473 0.9695658457936310932265776287 0.1642729913458724390222029710
35.4 0.1438713572399828166563433159 -0.4715121644312026218224416181 0.8921820400922759179555233552 0.5513628058511092008644260389
35.5 0.2253418145607673400933844111 -0.3963434605762651554397585172 0.7178726833482746528624395436 0.9562178100348430661882645253
35.6 0.2822729510647387620337933487 -0.2793143637902360290601736145 0.3859087669207680562915980392 1.3894712079461618992326556448
35.7 0.2919913102631995701836169950 -0.1183401220798455162608064578 -0.2702488053190410261865379261 1.8219079058683683246760363183
35.8 0.2026229715783851944315856690 0.0731538659734303756603656530 -1.7128978629080402807659254945 1.8492222100577451254986890369
35.9 -0.0557786826822098266424775998 0.1568199444006069893504072929 -2.8923533467489978835611334107 -0.8322410416249850658845891429
36.0 -0.2333897034307962748313657240 -0.0310962794205021549957828322 -0.6899490956843576480965132272 -2.2342667315653122683814377566
36.1 -0.2362702103810259367238229838 -0.2294615484259522897176444046 0.4453395479017308760086355688 -1.6837150020800987954098840825
36.2 -0.1671076959222071785979936890 -0.3667643695793033625002985583 0.8722376619866173606347075205 -1.0777140022443396107131187872
36.3 -0.0706383699603638678527764079 -0.4479685885940960880907504366 1.0278632046640858867364471669 -0.5598879328758002284501311001
36.4 0.0339907116018309435704220705 -0.4809020662110480766202689778 1.0472977738444121817940622828 -0.1073135338482602087246991227
36.5 0.1357547887014606292786030456 -0.4707338401422079179382200124 0.9739545634653206490052954141 0.3058943895324576447327602081
36.6 0.2259146087476736476324533767 -0.4204073344706235872103402871 0.8140042635353325574421395347 0.6984348564001921675940209452
36.7 0.2949877952227390697981510156 -0.3313527937113317130075137264 0.5460392324318850912773340059 1.0816324608168317060838602574
36.8 0.3294954245285346223893569640 -0.2045062046526192176554891102 0.1068131178418688591502559021 1.4511766145075464271244049846
36.9 0.3055173259458819011452287059 -0.0438607756386329600847600135 -0.6645407969326375565183983868 1.7319714132700643325468924284
37.0 0.1740975537995302453616931824 0.1226475535465436767936147969 -2.1133975842735403104824860748 1.3831151062291597872256712911
37.1 -0.0954221326479241215525608416 0.1398346259984277830084545696 -2.5620186581000348128718862872 -1.4854109336097565520944446355
37.2 -0.2228952528119199996046630861 -0.0808052297502139745940334350 -0.1634271669198344172244564857 -2.3024526691173105457932810669
37.3 -0.1801870808814041554032164361 -0.2726204898298287369323172999 0.8286011142395446512463723169 -1.5212320274109129609123708377
37.4 -0.0796569314559095583386959662 -0.3882914583428122411643598492 1.1195133455018797933677128242 -0.8197972134663370054394601788
37.5 0.0353865843016139778490426516 -0.4412136589397881146540609330 1.1539182486230769827414401929 -0.2578517472782630472507991750
37.6 0.1468663663667945407315554890 -0.4429120360723642463575315931 1.0586657965924602847204580867 0.2117855658890573088971491326
37.7 0.2439875403765340098007792656 -0.4008132833562324927665762960 0.8686661044917153494691977824 0.6222739336775120738561784571
37.8 0.3173361259148648854251149029 -0.3198377380139576593460755306 0.5800242400454779831519553410 0.9910197213252653398153434955
37.9 0.3555142019227545352507218833 -0.2040075208447405182069672068 0.1556202419966354571690893424 1.3171127839746553851356428939
38.0 0.3409571856774054770465700811 -0.0593136140884057272938607136 -0.4973926945520511205929931344 1.5529872388025779148632253212
38.1 0.2419374575528302973534230936 0.0956985495796318483697894243 -1.5790967186708492659703045660 1.4420368714549284160270439076
38.2 0.0148906987527386250926603317 0.1767755956449455103769992313 -2.8538826291886606636503191578 -0.3019872841603516418967340628
38.3 -0.1967322080380168006629512884 -0.0035782122854409699216451563 -0.8077554647178874190277677780 -2.5562175382604640198430560484
38.4 -0.1846303963725823243563137408 -0.2268475496318806205364447472 0.7295446723192822526820900562 -1.8117524812238919427822224714
38.5 -0.0873771599900114531597065949 -0.3660599020531424875778579769 1.1242649259631551326024444592 -1.0122976225166222519741488521
38.6 0.0291614555646077545406710596 -0.4360143040606096618869087497 1.1744591730208624969300938347 -0.4142796968939230452075662406
38.7 0.1429964869790044290169310393 -0.4531900239821866011360712249 1.0862104391225263605182982043 0.0541290573487760879839286696
38.8 0.2437247556360141850201537367 -0.4278395005042078561395502233 0.9166993900810185789180013295 0.4423013598020204432879163961
38.9 0.3240216312583550779925654777 -0.3664973947234634441546982303 0.6772541981085241086110257501 0.7770718882250681083280904872
39.0 0.3764461088611320030494610096 -0.2738163630146887585853145951 0.3553048620737473841315211101 1.0697725528996960314073462715
39.1 0.3910884932141785612248481267 -0.1541624085806006840364056066 -0.0877628593270235832374949736 1.3130780953367002051323163773
39.2 0.3520716048701162729729408768 -0.0146020856277693137825513774 -0.7386658870428874118801101348 1.4508016422436200610782161132
39.3 0.2307388835467777312900966091 0.1241770241995462198257874640 -1.7724229533130034878544294654 1.2130846250622245747434370112
39.4 -0.0075635748727395931939283613 0.1744707388513559258076378471 -2.8357553109080744080529451998 -0.6932800682796165506960412590
39.5 -0.1934886531813243541567320979 -0.0383476821229927189365912153 -0.4237798570611602873523152963 -2.6681201546475838152479522531
39.6 -0.1517584307245121412402999036 -0.2585639946905683524350909090 0.9317051075232286385278705353 -1.7072831096647502861068769375
39.7 -0.0415185037588402205139442957 -0.3866779508313639812340260199 1.1956506140524290680975224760 -0.9072646467883238877175205033
39.8 0.0783542613781729682834195609 -0.4479870580909496108276175102 1.1771468247722350990878071243 -0.3490115596754875906042583007
39.9 0.1905515497381591460193366875 -0.4610500142828602099159938806 1.0553941572558365396174491693 0.0703773269835706280607055537
40.0 0.2875794124042813770423445085 -0.4366605799125052923867536297 0.8773311816191600144842736081 0.4065105234115599657124265730
40.1 0.3644930061594084545594701960 -0.3815572114623944510762683477 0.6532031916102509767461914168 0.6879847005382186436918694769
40.2 0.4164953509979110581905510639 -0.3004186889241822016687166787 0.3770095537921536349762271670 0.9285560648186182668317922820
40.3 0.4375080341640375758791457809 -0.1971403672985450138181340053 0.0286246044356156963857884915 1.1299379585391432674858305393
40.4 0.4184463496411708612965754024 -0.0763028481007883382956322602 -0.4343026886140467675407860503 1.2740905316446459598032731307
40.5 0.3439991108040865472756413045 0.0533281344076555242338042961 -1.0998569531632934031168050584 1.2829878529071755636954917564
40.6 0.1866119704816793749784758406 0.1649550688224561070002564871 -2.1221921815883633816048853121 0.8034513661937467417408461828
40.7 -0.0690950682475930971005500143 0.1491709370685906730328685545 -2.5952491716352842151277478857 -1.6334631689811189573844108008
40.8 -0.1740137856115542431209270955 -0.1144249924056652131279291291 0.4051152018590709851319568629 -2.6069468836021583240362058902
40.9 -0.0779254544146478844818357717 -0.3109859458623989185875720505 1.2545656785253339679871984268 -1.4096511421388320652076012648
41.0 0.0521199040420449676558881893 -0.4119895742443222656315290398 1.2986084705095061256220398952 -0.6717808008057304350381017507
41.1 0.1765977585793105949664205594 -0.4539542429579913715483217948 1.1783026664235409479720706957 -0.1975987418663093890357256216
41.2 0.2861770949510969076046999523 -0.4559791799423463842255746171 1.0083676137275120739156518998 0.1404911962607557550174753548
41.3 0.3775026226472855080714080496 -0.4284667311358752112746152157 0.8149960526307760698797689858 0.3994708815084126910548827778
41.4 0.4485514063738615873920833308 -0.3777863936225590720509745854 0.6027388899997324021117398046 0.6070507071913692052566011445
41.5 0.4973094496405469846320000429 -0.3082980899494030229849461325 0.3681418791554735829349861367 0.7771872465028464557476839716
41.6 0.5211454309971497152163710885 -0.2234024122312804889506010957 0.1023411468412826495948580022 0.9155539174778844082150882900
41.7 0.5162263355470811829188474462 -0.1263080726163444270021213137 -0.2103398011543509069837508538 1.0200324520837740516667164431
41.8 0.4766151449323794242096671496 -0.0210092418199682393325131350 -0.5976251343101791480452100178 1.0754078136504294209479695329
41.9 0.3925301570183234905881313290 0.0855490900950979991593913591 -1.1117195267430426485549556873 1.0314963036770656841953461412
42.0 0.2469131320133837269557940945 0.1762868405576067744218948181 -1.8490440101229983965683738715 0.7048546668389217078003310444
42.1 0.0174685588509201072225344466 0.1907828420690682174520888655 -2.6907311497807380276485603102 -0.7639631931193224127919043250
42.2 -0.1738764541768487340263020125 -0.0304255696169966084870732179 -0.2640812519360396540990790122 -2.9218149456774836848941891774
42.3 -0.0985006171511446420739279064 -0.2595323578027335443064693466 1.3051358172885697949930174793 -1.6372996307102312953744731126
42.4 0.0420041835009819160582497778 -0.3721608027672049904707065207 1.4226519014458973644079005855 -0.7012461913396799213514661825
42.5 0.1776289833376500108974071479 -0.4118077795722018400152016311 1.2716212035039753581197590689 -0.1332187114246024133705000796
42.6 0.2941665801051579591927974421 -0.4048513681150894860934241837 1.0531333918070559594162754154 0.2503258714599879357459682994
42.7 0.3873544260216959303119414404 -0.3651667694320268363643867283 0.8070535724457084395690980265 0.5299819503803092248599534388
42.8 0.4548524224359608500225808281 -0.3010774314666456376586700262 0.5390428330471192726723575310 0.7424526103809300263851808413
42.9 0.4942457872362498442826002341 -0.2183595450119883608543639579 0.2433572964227512432112332462 0.9041262930667731782250718268
43.0 0.5021646399196834355275005858 -0.1218237158109240728829039021 -0.0933786778182116281793229469 1.0183427841337347906019124282
43.1 0.4734365505853242872766332077 -0.0166383859359853747089181704 -0.4946818067414877827135417047 1.0734927545998153714452267355
43.2 0.3997279431804933036467870125 0.0895340945469566507946331382 -1.0021780540220208498735869978 1.0263753194083123531636627999
43.3 0.2671733436052360925981834448 0.1806646388140290535246343175 -1.6860355304232272242277637966 0.7313341863818992579598362166
43.4 0.0572736272642588912289266252 0.2091911747862385105428796131 -2.5014772537857192241361180959 -0.4065914196955555326719450747
43.5 -0.1584142962906503666020767800 0.0385328154569890412649827152 -0.9014095943754967902844498444 -2.9370212243667864770937337474
43.6 -0.0950214703185514243974283124 -0.2158978574041500786238641384 1.5227303957376853670348232464 -1.8021797556065209871713437039
43.7 0.0702811536952269020157607080 -0.3276886247881018911583308023 1.6482214326174556648085430592 -0.5706140621225129105618419711
43.8 0.2225592087101713011555980972 -0.3488039508388176114016339752 1.3784590522588543825623364346 0.0862154238136525367056078694
43.9 0.3442201771723851663926178788 -0.3191242699496225355986076790 1.0521045253084739961032247260 0.4771594529973848041401472612
44.0 0.4326918560836645688621054680 -0.2579671663654070164454411879 0.7165171895166946336259270444 0.7283753704560893652178211766
44.1 0.4872643947848693507749300041 -0.1763731646325142801166949697 0.3730362000028883488395765546 0.8911105131634076202196727031
44.2 0.5067151536479696740684350416 -0.0820312940852737747233814657 0.0119264218696801051392890421 0.9848169264085355863200958442
44.3 0.4885453642501911048247309825 0.0182935533050517186311971455 -0.3825484533877316218327263486 1.0091219066889195498033707604
44.4 0.4283354162683502508680716277 0.1167207605948049922593819925 -0.8335871345791204247864028787 0.9401582506023466747234440595
44.5 0.3188740442797382155826155451 0.2008283227777693628793144329 -1.3738009787049572239174222697 0.7027911416321704736854445506
44.6 0.1501438777460334751791657646 0.2441432276466184104702190581 -2.0128580463829833670608239180 0.0571074884324899567546562826
44.7 -0.0703334680603283445723513194 0.1736556190925684224085828796 -2.1606351283425228511744486724 -1.7743127503322588787185590884
44.8 -0.1534747600805946293456131121 -0.0994557719213895231588507471 0.8479518197119188172662888062 -2.7083690960006928543899514737
44.9 -0.0016356800126722881488424519 -0.2790344697049924684744051319 1.7859669952977591098606989815 -1.0109841433890752087451496983
45.0 0.1684100593568424468234804223 -0.3286028189346167145698283478 1.5652454919620432337097858094 -0.0851735403348780972538599166
45.1 0.3072059366050894206181326988 -0.3100432258430850448471283136 1.2059173237105828152084075692 0.4105177922353369473455857655
45.2 0.4093249729320431643257584661 -0.2531241752142604624466307100 0.8370743723226739451584062926 0.7038814119964799916484546548
45.3 0.4746929366488697435139728364 -0.1730702779074827919648900343 0.4702216368060931325047260307 0.8818724238770572337052071312
45.4 0.5031604942595470396987336041 -0.0794454785504127264808760907 0.0970513167823181356914423890 0.9783949998275115374846152659
45.5 0.4934261227086540841143832307 0.0201677355297370399620277938 -0.2965677482691331307229979738 1.0012013498076459342695609516
45.6 0.4425400454265988297255448614 0.1178719439260112359544896217 -0.7296886493589420837881883670 0.9354863694657002732089128829
45.7 0.3453586650941272856004778079 0.2026120874638685091522262779 -1.2270842398508479451845047239 0.7278748908798671997937927641
45.8 0.1944512922279465659087340474 0.2536868678157467875381640127 -1.8029931234103549215583639616 0.2191002247429284772192353532
45.9 -0.0110237700309775754017938519 0.2201230948445000416016026231 -2.2159821949393011912821741356 -1.1077100751682738373568453644
46.0 -0.1651152416922098151824903624 -0.0004437835259196639091015919 -0.0820160103469436893490480953 -3.0284084753748361803413266840
46.1 -0.0332334805169250194387572566 -0.2276403402895088366592823736 2.0073733753477845375940000113 -1.2951048484316814344130688445
46.2 0.1606549269404503255918879994 -0.2840840145723257975490161026 1.7679475570719236807388410230 -0.0139780311073902681181887751
46.3 0.3132979718803171631967333374 -0.2534400193275277641286848604 1.2844472436515432539442957612 0.5568809293486626377304127721
46.4 0.4184308225413763184594983130 -0.1822112608927277664638640431 0.8249945593157051458652843889 0.8356858106046108562790949376
46.5 0.4794464952403941094150398453 -0.0911546165313181867382266229 0.4000125157526003185846243723 0.9668169798309315050293066986
46.6 0.4990777964058874204125619725 0.0079737641529611445614399946 -0.0055172899556652975493365587 1.0017596655903470469528779219
46.7 0.4784432349538710916591430354 0.1064675999441434050057172030 -0.4080208395263203385230886565 0.9542594964948270318704238712
46.8 0.4170510958089953999034809043 0.1957115608818429455810804525 -0.8232700313220596270660689038 0.8125540024906602704702972974
46.9 0.3129264821767844204343464857 0.2643397575072278815121567252 -1.2643328919741082579461240731 0.5297939272314186064418656538
47.0 0.1636208662573191930540606360 0.2928701180595034837365900932 -1.7200662807769662108060329029 -0.0229555973344817945683765591
47.1 -0.0249077414101496891205035572 0.2391603507010189437107063740 -1.9645066769089828716605267298 -1.2111854583354655859092193232
47.2 -0.1643408780602505736360625412 0.0231372331870851977886582840 -0.1590275185359986521640051951 -3.0200674906854722503865361385
47.3 -0.0193847644910910730124584148 -0.2113242133021275702442308044 2.2538721931847108939469456254 -1.2227247796893405133645579817
47.4 0.1910140478849957387934767148 -0.2511954087123134809860138975 1.8508727743012436927794388821 0.1835951720473395697402735951
47.5 0.3463324103532226660891037899 -0.2031811765913413480969610869 1.2702144876083261849427002356 0.6985090585014619142071292347
47.6 0.4481714236945091259946710177 -0.1214990737024205189847548705 0.7813754249469950075361560093 0.9038140056230154705715861174
47.7 0.5049937523107748568562886652 -0.0269514972863656573509790618 0.3646181975146096638484062646 0.9706515999379540147155823026
47.8 0.5225786368850387699484314255 0.0699369780549558499466899060 -0.0072822164710721150107028825 0.9558192174938685082136993314
47.9 0.5043713526845027272945409816 0.1621120043664989199142007419 -0.3539912648890679796585092221 0.8775553253863453795938027267
48.0 0.4521433812479638546542728949 0.2433077367973677364660869107 -0.6897457347474507437034106994 0.7346774056409018049846418199
48.1 0.3664489874251300903697562820 0.3062798776452523584310811669 -1.0246411865695090367855784050 0.5080462196262473651302721775
48.2 0.2471622680285264766286743111 0.3405369945471349703704001762 -1.3607045419691847254701386850 0.1482012813013566981226236001
48.3 0.0953339109031034053439723761 0.3275566906832802046789860208 -1.6626800292722616829989244221 -0.4680597662562682626737070757
48.4 -0.0755838334573901847357422016 0.2281504727731450070098804301 -1.6410612164015532449014774185 -1.6616133620572878885282951121
48.5 -0.1610500162321842197091521747 -0.0188504363468230897249736640 0.6085749759381847877120954211 -3.0333936474088938854116635201
48.6 0.0422249346340101466438002430 -0.2101702212654970998503211688 2.5015429393850073092869997987 -0.6098252915932225925361277617
48.7 0.2563748818101871916340235122 -0.1986444350655733320677007458 1.7589048766046793850580897328 0.5874340473193586344766851307
48.8 0.3981023759177791607624223213 -0.1198842231441037258357135138 1.1099811216883325295211231949 0.9216995368989089652261236010
48.9 0.4838148651477067727410300096 -0.0223842399746874738156708606 0.6256184269452537654971052664 1.0045082158653750956596302124
49.0 0.5265218296384820039938388235 0.0776844452558985390663733090 0.2412338292087964143146531281 0.9852205302773780439970081032
49.1 0.5340641724186862695442366346 0.1728009076188388079518463478 -0.0825420310633821038680363220 0.9095099188468776244529625787
49.2 0.5112673511389166780116898127 0.2581989804400043351893573664 -0.3684439436308998926773896610 0.7918912649190449331256341576
49.3 0.4611722626878518098699756860 0.3298240885342643619678194805 -0.6303095642029730150215778272 0.6334047949671253724411804920
49.4 0.3857247788581751046777140041 0.3832395095722585937264838911 -0.8765059581837631367771340783 0.4254025031376677639137276430
49.5 0.2862877521455244579809649820 0.4125720075503984789941422739 -1.1100357991929282860880626393 0.1468113866526744115114948668
49.6 0.1643972056566521279303849454 0.4088035586867590212400412160 -1.3225021717516679279737805302 -0.2472280110887980824936239490
49.7 0.0240796074263515767342726343 0.3560185195780089416159323458 -1.4625051062059170188909690704 -0.8587724218493830794518787585
49.8 -0.1168261320217939762199392469 0.2220681142250106446167567757 -1.2367069304778397576023166750 -1.9290788815788360400613771145
49.9 -0.1559966959353916064537583412 -0.0355239602412479936979792991 1.0936211786943516515443203834 -2.9561539234142908537031476417
50.0 0.0885079412334791289551022269 -0.1906985948307862877426908760 2.6660818798163935144230197722 -0.0951108800802640881149900830
50.1 0.3026494422269454095236104069 -0.1378323177211069804035894812 1.6703358736893720880518843982 0.8913736406439152747316266424
50.2 0.4343118367604115951191427746 -0.0375033628982170208849118565 1.0128941705421200672514531430 1.0637818802980015381956095796
50.3 0.5123598200997979460605027124 0.0691087026592230100388003586 0.5734176090500797338090271751 1.0532210487120052586819592813
50.4 0.5527824747935218897802803539 0.1711639191754258887572221717 0.2491763405879609746645711479 0.9816700488262015257008477562
50.5 0.5644079975189058470609156677 0.2645247601786416924175925423 -0.0080163349243324725892760835 0.8821269066265329188647574329
50.6 0.5525803043737688257060087377 0.3470046419005185632478894781 -0.2228746776326487477133234808 0.7648869294724216729850601259
50.7 0.5207745472187344668500299364 0.4169945975502355004173403870 -0.4093369522967721353537619605 0.6323440807030284845492747461
50.8 0.4713773916828317877745623946 0.4729175058183094050202909016 -0.5757809612246655960737134650 0.4830590264566026949000420068
50.9 0.4061153380967649689281328705 0.5129061505385741913658042401 -0.7272595182758797679578790689 0.3126799412050849273770393914
51.0 0.3263398177233112511926769860 0.5344939353551447621881658414 -0.8662491850613746131419455504 0.1133636230370277577529517730
51.1 0.2332998996199098421979501722 0.5341747738265861219113835829 -0.9920899008621315903353685582 -0.1283729588288022665335328649
51.2 0.1285806625490145970961004365 0.5066161766449506388379005481 -1.0978169174870062420489632714 -0.4368604755944604772505602118
51.3 0.0152055336845937147663789130 0.4430250529197517941105434891 -1.1581323238614697416487123958 -0.8603206134131348719235513344
51.4 -0.0984820654611767973949855988 0.3273064441748375645402896162 -1.0745925591268988082440839513 -1.5056439955952057510244331420
51.5 -0.1790469841614543727645802640 0.1280228202363941847748001510 -0.3181386199127967620195509319 -2.5650864704791903186953055906
51.6 -0.0734322908921489698421311894 -0.1362278695909814966266905226 2.7505109085828702218631674559 -1.7063849856057889985980050054
51.7 0.1971600351505097860272075661 -0.1352133825121796181835680134 2.1581875157507601843678639404 1.0559146316892027079777742144
51.8 0.3517604151236386994729115470 -0.0047319001417554600449070198 1.0482306129588360760971098236 1.4073211655721617357899407811
51.9 0.4226253200074611706225288044 0.1326640683089149945683953743 0.4219919737578273180068384592 1.3155462905596989537088727541
52.0 0.4435400866907526475150193944 0.2557338915107664123282783303 0.0219433815002797384769397038 1.1399458166596249927727944271
52.1 0.4308521849142573934508352748 0.3599410205253547415496921283 -0.2613318890939345838897519529 0.9421698377240293241364546403
52.2 0.3935553763180043374190445883 0.4438344811395069732475809495 -0.4755133890992440184135336237 0.7342061093856504868929630571
52.3 0.3372720078546225929102802333 0.5064393110077001059481247977 -0.6437218335639035022207637803 0.5158861514658533208646883321
52.4 0.2659548203870161512368334178 0.5465099946169852715053554971 -0.7774458835242487432516435091 0.2824466737277144606199646795
52.5 0.1827811515860836441115618387 0.5621558677187459775801146160 -0.8810757738170709419146374744 0.0257033277399243940914725980
52.6 0.0908086033863276264259613364 0.5504539070382388837100136977 -0.9524183286988111968678800931 -0.2671816244532648956198690597
52.7 -0.0062261367946135311030096101 0.5068280995884282928575102607 -0.9789444534252711808028743434 -0.6173078418645195374136858144
52.8 -0.1022970506833970613429779591 0.4238757304039564149970844285 -0.9232873592336371051649994632 -1.0620139633188225669902809598
52.9 -0.1843785779370840711291963045 0.2890883078737183647584994213 -0.6652714774707730256491583743 -1.6687285352982506172524930482
53.0 -0.2132321542182153615846413433 0.0834475782361858109494337225 0.2974788586864020181810278928 -2.4612793143606045339470096663
53.1 -0.0579759529891312231638151314 -0.1441701527371541341739138148 2.9898630929742828716634197912 -1.1893031104748346939229010651
53.2 0.2117664656868491876858671712 -0.0839531561168917138489069589 1.9028802900302564237737627125 1.6067095082111586596025015517
53.3 0.3309893409727143210948666794 0.0870221902938621498797170565 0.6492625100795219833413313317 1.6813237673073156895640696790
53.4 0.3626383485477634269437446607 0.2421048795900890807349187073 0.0469541838293338197054523645 1.4101317168195133052422014599
53.5 0.3488292826321087579621522520 0.3685835351818195149250319433 -0.2951911642993302271043727511 1.1214580214032348378779148545
53.6 0.3076928282482558325169862461 0.4668899277330242934864181064 -0.5125617218920342203708730523 0.8472413744293707084781248017
53.7 0.2486804192691844641364901190 0.5384395917388497971733156653 -0.6582995342812854460657714049 0.5852711200481077403457263241
53.8 0.1776204232309891357437571894 0.5841177435436387616720748887 -0.7560887545810785628801822797 0.3285384737513569780168831131
53.9 0.0987049628924990432568515151 0.6040607046748157193268937772 -0.8164235023222835342018652960 0.0692026385903070164191879110
54.0 0.0154911989935644156674475171 0.5975813620826158014376820062 -0.8419296584965437641332373537 -0.2014997098296936566312266954
54.1 -0.0683751585185106218998231675 0.5630238856850476751712281965 -0.8280145350971431486451645143 -0.4944491505164779580975617214
54.2 -0.1483013215094604940341993731 0.4974561738818294974005981437 -0.7592431171996982913738569154 -0.8247385972479086869343787650
54.3 -0.2171384805165749973354694151 0.3960998721072337692867550359 -0.5963633241337680707310528395 -1.2148033962180794951213807683
54.4 -0.2609924146589366854810052118 0.2515369338393310575889528673 -0.2303692998580263346158026271 -1.6937412270799919808050058642
54.5 -0.2447339876558642774135397451 0.0557532509162160523400093055 0.7165506695776347167205705024 -2.2062731639644624948687105164
54.6 -0.0674937520517059824446130065 -0.1409194017326220126700049998 3.0585774936294725938198336406 -1.0221255649266777879324699549
54.7 0.2086145222494519505769096874 -0.0422093742998633874326112241 1.7343841107261141820260178309 2.0458438237597140028501726356
54.8 0.3037291018522686345143580323 0.1580106314195376139393539699 0.4032716596676743256741383792 1.8559999886078828412716423980
54.9 0.3151661510887722017506568229 0.3241322324386475289589939092 -0.1078362144234377036602304418 1.4755607652492117460436624326
55.0 0.2905036668066372095026725891 0.4552442548890686002004419453 -0.3599172675052232088284240298 1.1571273279542436541208270661
55.1 0.2467533150903533607651732667 0.5572912966127628751431350505 -0.5026994178871682131125021700 0.8909707637308769098796009080
55.2 0.1918434640380859968120249440 0.6346029767057590719592236199 -0.5883774415433175993750812968 0.6599856023500213434016072662
55.3 0.1302284456040242223560027675 0.6900550935962045786003755430 -0.6392515718321700575467153735 0.4521377529673166892577382369
55.4 0.0647923556254556350713905709 0.7255230179192246314110817086 -0.6660156054945574447562511513 0.2591408779354720828600201617
55.5 -0.0023489489168995895022684433 0.7421741253304261672477479057 -0.6739334365220597130230515940 0.0749095820786366242930578836
55.6 -0.0694413713182066540664852476 0.7406330912756934641129654741 -0.6652101155248843256952841318 -0.1054612783694062009848673606
55.7 -0.1348386334628955451191975220 0.7210634443483899528643887760 -0.6398656687895925245018855660 -0.2863886702983797811642750574
55.8 -0.1967927816411298282417219302 0.6831881923252125054764325177 -0.5958006268349387902170877663 -0.4723549613517975373071740712
55.9 -0.2532153074250382355461313868 0.6262560001260031236485895477 -0.5281138535321547387321515034 -0.6684648420235461532690724456
56.0 -0.3013156112293837335818993419 0.5489465953303575084731859972 -0.4271897616187840258770406934 -0.8811214052804768739047953967
56.1 -0.3369263441184870429457419142 0.4492009986246654949353715810 -0.2738970896350488764769260688 -1.1188354974195130899113042918
56.2 -0.3530039266326070784320535132 0.3239918843862343554664769358 -0.0262977419880195162608500154 -1.3922784080804595515561844852
56.3 -0.3355878620655298939494920385 0.1694173635687724123595103989 0.4248612710812223038780305847 -1.7044087140355733260240866501
56.4 -0.2499556072062596770800199687 -0.0143047139300868918841537107 1.4441183138708332541859048255 -1.9177097325259483370439036611
56.5 -0.0081980729812718938365684317 -0.1469281738852840592316039438 3.4114402917408308886266800380 0.1508515948793325159025836043
56.6 0.2128809845147491946059029240 0.0561394108136641975618330318 0.8501471588309431078775536696 2.5729247816576595996522762128
56.7 0.2348769850381723164103637007 0.2797017121049092225330109272 -0.1770997279285383308830602094 1.9178758736700550111058969465
56.8 0.2000373643568465987344833256 0.4464352931740246619847118481 -0.4706226097995011738726926528 1.4492165408792632312946550374
56.9 0.1465258113206899542252279353 0.5743135543080098028087101700 -0.5833769922469010563179851292 1.1257995065465452707691830642
57.0 0.0855270038381994268224082090 0.6742504463658775229556051652 -0.6295521274811452086394274400 0.8830450459614623835457628807
57.1 0.0216359576290902513434034208 0.7525265491079949453755880624 -0.6446233947405222223249123143 0.6888431534731018772787942675
57.2 -0.0428364989104017351734298692 0.8130621353738752825314145433 -0.6426789970941220277306945900 0.5261391175882428007858939614
57.3 -0.1065519149925847482309172706 0.8584701837050193906797466279 -0.6302191107549896981431590792 0.3850171607624885014660748047
57.4 -0.1686405082850993918707778447 0.8905754920713509522728658661 -0.6105273127971128113544903751 0.2592536186108757188552895402
57.5 -0.2284745700620782847076567474 0.9106928893106132528226076221 -0.5853312370876513924400924291 0.1446856667598850714642118257
57.6 -0.2855532068706479664659089388 0.9197870053901416106890175714 -0.5555167575261061078478541561 0.0383714648805993489050380566
57.7 -0.3394367930467760158462553997 0.9185689577737231394512420373 -0.5214602657074556856287188223 -0.0618753995999436779504101119
57.8 -0.3897049149433964291359459336 0.9075569889803850553947152847 -0.4831867673414727363722741177 -0.1577616036106087611074529073
57.9 -0.4359251737069076291720657184 0.8871151255736613950519880795 -0.4404374855053145275571206997 -0.2506880798127041778806516698
58.0 -0.4776257677431306117950283483 0.8574775298563550272873614175 -0.3926811208358373079139928562 -0.3418675739711673878544443863
58.1 -0.5142668916798415953328001154 0.8187628274207877571640624902 -0.3390792841340538285834246024 -0.4324106610795086858095973002
58.2 -0.5452062387298840906141104139 0.7709807728822894708023471294 -0.2784010618527478163019137463 -0.5233948438049599201572217341
58.3 -0.5696525982786576853479669120 0.7140324644873513390525604421 -0.2088649965642154083143275169 -0.6159255883644327103136567388
58.4 -0.5865981501643091095284454300 0.6477046647430556891289482213 -0.1278596130449386586951803931 -0.7111933988910373892246771845
58.5 -0.5947127551150060457530252614 0.5716587388155361877264933756 -0.0314382340529460193558317417 -0.8105224827025766662778528297
58.6 -0.5921676229016770529985234809 0.4854162145072433232607723239 0.0866447276672451360483836554 -0.9153806029703299745832126460
58.7 -0.5763185001267934955904340778 0.3883497414329973488875563581 0.2369224882247122213293850371 -1.0272250273268737356017249757
58.8 -0.5430817609232779608045040875 0.2797158462927228497617493433 0.4387798885843640197023434049 -1.1466665476168985430594163508
58.9 -0.4855475206442311212677241168 0.1588899681999966569646377808 0.7325459307786497091879771553 -1.2694827456406641923087818370
59.0 -0.3903356123434560938137562482 0.0266605599622711731158236538 1.2184067843563594094697551154 -1.3641681422197210581197005544
59.1 -0.2257990013859222802110166524 -0.1057184669589508608107087248 2.2067742782102244294584456165 -1.1811531705020051173178093327
59.2 0.0620432875631193833088159378 -0.1227915890618156254007300504 3.1376143678663028923516782033 1.8491500114302349512916731714
59.3 0.1569561296582378527040079604 0.1667421515780551893585756103 -0.4751019303700471098726039614 2.6808795733395889921511190322
59.4 0.0758755285165469618703658210 0.3790472679621327650847871256 -0.9796735674629767501596690358 1.6956377540142443484854308030
59.5 -0.0250470113720419664289590596 0.5218219927132873577735596791 -1.0161175048145890684117170525 1.2070286847455754288709345688
59.6 -0.1250759294526643552390423650 0.6267158244300575056206286618 -0.9797166087459242822573682073 0.9114775533302629235375583455
59.7 -0.2204968631211338394670371386 0.7071213042591501681642845112 -0.9277170417123095179675181093 0.7075315372325444719924635448
59.8 -0.3105414240101382591561600718 0.7699102557030549714360683522 -0.8731926919872856124711027452 0.5547730365284426544653284241
59.9 -0.3951723085244071924246025725 0.8191304650090153979063443435 -0.8197231865075647608009204446 0.4338872720683677359372551449
60.0 -0.4745528091873831962255434377 0.8573968920051233280097637398 -0.7682408169759256181478779038 0.3343933187506993823605303084
60.1 -0.5488898072283128973153135671 0.8865124130817756107959818461 -0.7188346952321031550289237434 0.2500609019690238448748500589
60.2 -0.6183826450792019640847496726 0.9077810695738558121362793574 -0.6713153915650913423659932276 0.1769250884496259827958223003
60.3 -0.6832066550717148680831716318 0.9221812188359895373497154656 -0.6254102173146810490464208894 0.1123255400193361464684931005
60.4 -0.7435089265717184590519596864 0.9304681641410616779378857090 -0.5808334488426688037933026205 0.0544001979947430357628431573
60.5 -0.7994084327763846663283956758 0.9332384308560325076923752232 -0.5373104875086696675676727574 0.0017998262040903972182399926
60.6 -0.8509975468551066847247355048 0.9309718558153277294403195550 -0.4945841827027185612091769681 -0.0464819736772718061149010410
60.7 -0.8983437855447077329491081826 0.9240601793334096081299832031 -0.4524141209821687297482234100 -0.0912146636407841570604503640
60.8 -0.9414913236524080935263891346 0.9128270752692359146358521563 -0.4105731821576244301759728187 -0.1329992956932451712028643622
60.9 -0.9804621049278697260326917940 0.8975425550774039402645568637 -0.3688430761211941097941435636 -0.1723143017832413605992185952
61.0 -1.0152564845098430905693715728 0.8784335627764020285049154809 -0.3270094901940988647920717796 -0.2095469388405952114230205706
61.1 -1.0458533741414870745165181022 0.8556919248105096117500426997 -0.2848569979594333718703287271 -0.2450153850014557561013115619
61.2 -1.0722098636712395145890563654 0.8294804241966015975598353607 -0.2421636497533150801395316509 -0.2789845563007625974160926606
61.3 -1.0942602772125616725584779978 0.7999375230839107559084897156 -0.1986950302483356946101258915 -0.3116775750307272376432353224
61.4 -1.1119145953703443489191663497 0.7671811024434754948078757890 -0.1541974585523830052374330112 -0.3432841203300027828857835350
61.5 -1.1250561364534603311489917822 0.7313114887567587836092732491 -0.1083898801690269813371741130 -0.3739664375270268342542460329
61.6 -1.1335383363159741915831100239 0.6924139766222751440131549262 -0.0609538248056987609166482073 -0.4038634646127549838850394871
61.7 -1.1371803915999455788720545352 0.6505610233541835085847934080 -0.0115205397353743211194489922 -0.4330932801147192005735775850
61.8 -1.1357614230437415801158979287 0.6058142834199840343405374819 0.0403460046220201022054929219 -0.4617538289630300167934306878
61.9 -1.1290126547249589020335297782 0.5582266693486926060624880211 0.0951722025815556748533969107 -0.4899215782452220546275875706
62.0 -1.1166068586445972036270129990 0.5078446815734920807435567211 0.1536070504283282432067197816 -0.5176472982745576603138307342
62.1 -1.0981439243483316335480652515 0.4547113654106525905685603563 0.2164684374458726737959474548 -0.5449473839364426891963167034
62.2 -1.0731307761702177133446558529 0.3988704767469240791522791335 0.2848116394966135706157663341 -0.5717876777506173095407390118
62.3 -1.0409527799410951197795934007 0.3403728693555279095559318865 0.3600340904839966190540632897 -0.5980538679949276266528115663
62.4 -1.0008318691866791139393553257 0.2792869756108267717974846389 0.4440418502036654333626904811 -0.6234964379133121830631798115
62.5 -0.9517630703904306587648875686 0.2157170474526822932612437001 0.5395261175290755076595231990 -0.6476243933735814721031495711
62.6 -0.8924141242772970486213111417 0.1498368236348225646681483562 0.6504475934818982065533033212 -0.6694885088602583677935580102
62.7 -0.8209581904550022279187039689 0.0819559504483252473145867403 0.7829417721901311986048066758 -0.6872051995398905826308383462
62.8 -0.7347759299501052709127973878 0.0126623691391537234010581893 0.9471534225351070422741466262 -0.6968018213420764365210212217
62.9 -0.6298777044953894441866015531 -0.0568366234921569638669292294 1.1613557550820102577075393774 -0.6890106716122539177112133842
63.0 -0.4996504501872031139445345882 -0.1237572054014877165417335414 1.4624813525066738419144996431 -0.6384611376662685984164137490
63.1 -0.3317349079658870046030405456 -0.1803023860552439975109888135 1.9369480054604356721675217784 -0.4544702692730786546661941989
63.2 -0.1004044090289619840985715292 -0.1947365568255345994971079890 2.7682043797106662344355283409 0.3891322091537922954217509249
63.3 0.1455578881412271602211903835 -0.0068498733371712793009018399 0.6239707139168476753354521586 3.4056957405330548369458158623
63.4 0.0536667572933068474537424551 0.2529514430496784345727140079 -1.6051535373633056261369756730 1.7510671623786555143856932083
63.5 -0.1083925230046083580268950131 0.3724371373902556845375567893 -1.5677749070567230384103631643 0.7740164739307176110704983859
63.6 -0.2549851503153981240212760089 0.4238935700238712748606153928 -1.3611200361606514991136005159 0.3018608388133741857690927443
63.7 -0.3808021969752477114681028109 0.4390678332555659659253606544 -1.1581724796861845892977906823 0.0223640547761694528136934310
63.8 -0.4872206650035914336049555253 0.4314020121601641973124573943 -0.9730942576778884056003113849 -0.1646177696827891388009952167
63.9 -0.5759241935867646693604006302 0.4078667707759455295122642255 -0.8031404938854891333481021846 -0.2993895415396367375693787568
64.0 -0.6482074977910683877694083096 0.3726161367447790373500574698 -0.6439895619849773340136783055 -0.4011664446883806713730782730
64.1 -0.7049525217675236409609486844 0.3283883442824920421287099932 -0.4917799106811400625555844952 -0.4801815709961505693505383629
64.2 -0.7466836631533566449499829409 0.2771426815246118858113646886 -0.3431920865930391789220501842 -0.5422467971693390608080208752
64.3 -0.7736113826037997551612410011 0.2203912801514425948270795872 -0.1952230440741792776248385950 -0.5907029726777763185953597214
64.4 -0.7856506445467308328824336030 0.1593963344242598665332744336 -0.0449201753198106404667680668 -0.6273015775308916178779769963
64.5 -0.7824117891356633851605765316 0.0953079993710858442027487536 0.1109087518201597460911658214 -0.6525598135641003221014014360
64.6 -0.7631593670462989315770759993 0.0292848868406452892945032929 0.2760577846138126438885297802 -0.6657643775642336280937877232
64.7 -0.7267274638918836322165263601 -0.0373679147551866096179812201 0.4554518331507164276304059234 -0.6645967556216966176598955020
64.8 -0.6713668248248487408169606759 -0.1029946080673730426844984074 0.6560230786475366209981118068 -0.6441086216084045493802201267
64.9 -0.5944728480517735232307403107 -0.1652184452878427205707323181 0.8883045482393541041412568235 -0.5941998945038606907445829167
65.0 -0.4920890875814475149499743263 -0.2201462134549496513638274613 1.1695046452119335073201214027 -0.4928741296228686758389109240
65.1 -0.3579848873027712354334907253 -0.2603201648772401638845261721 1.5290886898915498728284686569 -0.2847812400786741290790017927
65.2 -0.1823052967192744499881918968 -0.2680072859586607346681310057 2.0071950452382188422580651650 0.2081283272992019504756655677
65.3 0.0400686711262681082850780937 -0.1850615929254486509448728187 2.3163159278853447733547180947 1.7804155381679307851030261853
65.4 0.1388108164479838698343027473 0.1116943768235807977386672335 -0.9283039172878602986349813943 2.8550633343774899143308983087
65.5 -0.0103975720527285987051585843 0.3031903235942536746448569050 -1.6899933326055816507340337026 1.1915883171559400183331510388
65.6 -0.1719188860788406762622697710 0.3799384451494992226092527135 -1.5126958186198726138790321318 0.4346892829233032048836838976
65.7 -0.3111038307723059367970672256 0.4016158356047380067447110139 -1.2715801071831165065620950439 0.0343509344072724633778783329
65.8 -0.4266843245640497214934189403 0.3917681672686161733143096810 -1.0430986824339044451806710181 -0.2140860013919911820606895152
65.9 -0.5202852356052513662814408729 0.3613990128940009703030382810 -0.8314241136875830707570195182 -0.3834899250695227173438028703
66.0 -0.5933765876384035654601725933 0.3166405228723975390538999320 -0.6320154817297895440893727565 -0.5053760017649539895557544369
66.1 -0.6469228582121495379824386498 0.2613848527859673991909510389 -0.4396774587184224352867528888 -0.5952409430140985665256357140
66.2 -0.6813845133790988850171150420 0.1983874520167983170998353439 -0.2495277209737182651230208549 -0.6611492078010048248420195982
66.3 -0.6967419402125804848430888924 0.1298197234138379780579964109 -0.0567782215292439444402496502 -0.7070466675722701270607672184
66.4 -0.6924816037743027998193285582 0.0576074092057289517402557121 0.1437590756628204690950948195 -0.7340001310192294974405234164
66.5 -0.6675231397137285226136474347 -0.0162945178609487727316154952 0.3583738544666260196810498151 -0.7402896490441055004027487590
66.6 -0.6200592740550890705915990400 -0.0895813458716496770491937693 0.5955461056565724432533368646 -0.7203346470501802168268228668
66.7 -0.5472518098054914867109828527 -0.1590749831570453647484941940 0.8678314044899475347661421734 -0.6613952251272637521360115375
66.8 -0.4446709359645602732989463851 -0.2196183041926721500183723274 1.1952557460769024998562996154 -0.5341027280203691581364910530
66.9 -0.3053208221873521732115606611 -0.2611549557532376658209933675 1.6097556520168179858032054652 -0.2607235672750007205064293479
67.0 -0.1191165449295784225557723947 -0.2586938016133319969363181403 2.1278506339739476504555540434 0.4236335917726046286632096006
67.1 0.1001651673021915042361403249 -0.1299550878478012620248894958 1.8797652414519015301342191774 2.5529328188750403951644462549
67.2 0.0808856324090340322568921297 0.1864843366754789197180169009 -1.6533536390246735325086401283 2.3697093986630614995681854476
67.3 -0.0961054912135026243681757858 0.3436711343085965063553195418 -1.7403821335510239717913979623 1.0209520884703748309406500882
67.4 -0.2587352436070034956798377571 0.4167188942317278925960627018 -1.5130556747455072959004304391 0.5044495905213312671799262992
67.5 -0.3997083208272540459285862560 0.4525092945482658873591409847 -1.3128471212775979878994267715 0.2353604360908617933402456159
67.6 -0.5224489597375815693272993974 0.4671267486493216082134444020 -1.1469502117152979058914538403 0.0684681682191243165430206813
67.7 -0.6299418067365556814300878114 0.4679237638758963381978974746 -1.0064714753809690996659067129 -0.0461123213213841310716327066
67.8 -0.7243491427924950185855311220 0.4589165365637705583824805926 -0.8842508792191192705040669573 -0.1300514399618445134203678180
67.9 -0.8072344473394434244043301809 0.4425652411364621651546265207 -0.7753552169891415793976866352 -0.1943112461859892059085135888
68.0 -0.8797496371649576330164771901 0.4205028372194255074836504462 -0.6763750958080405788695422968 -0.2450496642236571770238864369
68.1 -0.9427583530053587271846416481 0.3938804626414736523505969921 -0.5848821867238226954584241614 -0.2859972895948769989578072383
68.2 -0.9969154592835391749304331883 0.3635493659334466326462770834 -0.4990844500007799113969402855 -0.3195438105493048097246837305
68.3 -1.0427190625721575725471554900 0.3301647925295133993015622720 -0.4176104878796585840303315545 -0.3472840699946476700794627913
68.4 -1.0805451822940549596366222296 0.2942492923969462434812746098 -0.3393715339611668078174026428 -0.3703132204270630278636649913
68.5 -1.1106711400350112013595758781 0.2562335109505384648660697224 -0.2634699028859758421404907649 -0.3893953540019908363916335765
68.6 -1.1332913142303552450264387651 0.2164838646125722239603687896 -0.1891355172026576211053252385 -0.4050637347487527000976159952
68.7 -1.1485274695066337568330375792 0.1753223323658193118740509548 -0.1156794406110756565975529821 -0.4176816170285956401596819915
68.8 -1.1564349872109741329032607279 0.1330414696945867658464891673 -0.0424574323062537204652937826 -0.4274787655800399397379908093
68.9 -1.1570057482707451006292470712 0.0899166326479539350245518001 0.0311612342545571214487253896 -0.4345716639738462414288944974
69.0 -1.1501680065379722551010906848 0.0462168195761457896973014453 0.1058233408283926904746181464 -0.4389713636442912092390814575
69.1 -1.1357832476051284492147900287 0.0022152829481499906827123042 0.1822230076282954447774195401 -0.4405802573481266018605465086
69.2 -1.1136396836952906431162534359 -0.0417989507093249348290945390 0.2611383688919689405074915013 -0.4391767798427262879826547139
69.3 -1.0834416174887945721513766210 -0.0855072876576245059651715569 0.3434784732045785613353458541 -0.4343843542565050239877511751
69.4 -1.0447933194405492893940945255 -0.1285435793674522415415187307 0.4303475962564161684022103756 -0.4256167907382214232648558104
69.5 -0.9971751453056966310473182483 -0.1704689085914519726400107364 0.5231385963525343326199428868 -0.4119849320068801447570777041
69.6 -0.9399080827663336749947993420 -0.2107339457095982990585189938 0.6236753372922065512434031324 -0.3921345523977968573221097286
69.7 -0.8721001891080730193044388600 -0.2486192836951221887816330920 0.7344405405539676986504661260 -0.3639535031123351574110655634
69.8 -0.7925632894037929567387724039 -0.2831347410776825850011848183 0.8589585346263979386903428262 -0.3240107145200549999373932846
69.9 -0.6996783103508228069870478276 -0.3128366820786000823640806376 1.0024721419792640210944374536 -0.2663937676351888806295594122
70.0 -0.5911672001815579546138473284 -0.3354655568607734525471592320 1.1732016452192013296569006010 -0.1800357948544456721473766313
