0 0.5000000000000000000000000000 0.0000000000000000000000000000 0.0000000000000000000000000000 1.0000000000000000000000000000
0.1 0.4799309013918498983536005431 0.0986458087860641606946075221 -0.4026736325447484554116980771 0.9590457176235725169998446226
0.2 0.4189304666892085239849317962 0.1886921459459680759433259348 -0.8213708250311646888126046492 0.8235465115278354646135109956
0.3 0.3146504159747772797233165792 0.2586775070271358804746425567 -1.2701134551393830135073104543 0.5448562795342933972949788128
0.4 0.1641226894423163268939170490 0.2887197683497122570803452242 -1.7384929219185053114023623123 -0.0120175598640245975375896642
0.5 -0.0272509096880885361180672589 0.2351033304002858070009862274 -1.9829313455149407949338053791 -1.2304129331091513090191995745
0.6 -0.1645341974607058494113355808 0.0145867559994226590238105579 -0.1808031508555933602624210263 -2.9773313793211696632094865733
0.7 -0.0635509961081017738626629715 -0.2140099743952422239083505183 1.7108898877660080695661700748 -1.2808483212244654200446880632
0.8 0.1105772513618860423310465714 -0.2583060803303456142244674636 1.6108317553658517756813148078 0.2524688710770010866620099277
0.9 0.2393347323420127923387952754 -0.1837632560029813273049256632 0.9098860363880550653058069445 1.1545242406431418938053588931
1.0 0.2811272842392198809436264451 -0.0423292522157492890205406309 -0.1282095627005923768052680449 1.5960862207511864510271797895
1.1 0.1996708382918953713184185691 0.1128061730901183414107924735 -1.5728996140380271404823731155 1.3291000146310294210464416140
1.2 -0.0298917615597580587304719197 0.1521636855465055752424559037 -2.6689596965882203763107974766 -1.0488101916389423791835765669
1.3 -0.1634560878438846161476989300 -0.0431424439077308270597148870 0.3637706376325350929273826006 -2.1111033413650189997187256689
1.4 -0.0070297851244300093673972245 -0.1353365895931077797602431699 2.3383954534125494391366054205 0.6285333692127583561823235366
1.5 0.0692488760788289939711360047 0.0382648760475154384894781368 -1.8893991183116199468720787000 0.7603557159297740315920458927
1.6 -0.2613633372821659482302408801 -0.2563949674067047355456835708 -2.4004917740782083160360816303 -5.3250501492858391968366815165
1.7 -0.4877204385997948696952593516 -0.7735578990218891325216371992 -2.2049222922137327679376203253 -5.0887520457630458070624838659
1.8 -0.7059618206029888423508503034 -1.2787048019862791736184491712 -2.1667627411826540862521977219 -5.0242137579812901402113909656
1.9 -0.9217387720859138991342175100 -1.7794620007792014728601892975 -2.1506436598241493545140201818 -4.9940850623944799560282668869
2.0 -1.1363209085953474634939783199 -2.2779276182273742537126148290 -2.1417598408851669359273647774 -4.9766109317490388491177579338
2.1 -1.3501964781520685830934847202 -2.7749813859232774857552851870 -2.1361339650525967166187708363 -4.9651922973747952878890193339
2.2 -1.5636048073053078214010293435 -3.2710766171659652441590383199 -2.1322514855338758621119572233 -4.9571420491977943691040750838
2.3 -1.7766810661498320282212660780 -3.7664779432157851641258617758 -2.1294105245426672813344332168 -4.9511592725918780088135063567
2.4 -1.9895091009986152892579923972 -4.2613534431479765436138317738 -2.1272413799080054774818048583 -4.9465370809812368981065269198
2.5 -2.2021445201023570159573249903 -4.7558165941113449986607759311 -2.1255308272641829369669697383 -4.9428581287900548609395120479
2.6 -2.4146261042193781128232438916 -5.2499476452381422187414728688 -2.1241472571409800867036791793 -4.9398600604386935880489143207
2.7 -2.6269819793232580347222510034 -5.7438054543649971824827557799 -2.1230050348798092206386212741 -4.9373696368818253257324706443
2.8 -2.8392331951983034478670095429 -6.2374344798859764696619810227 -2.1220460360831877822609430205 -4.9352678390163710269317144599
2.9 -3.0513959172202928392041825207 -6.7308691291147473122080562218 -2.1212294194262013369898674966 -4.9334701840522187226716788027
3.0 -3.2634828300956773192762851293 -7.2241365790397532709917277947 -2.1205256463591376992395863269 -4.9319150395352993728157056418
3.1 -3.4755040708783539334042699547 -7.7172586716180934889112555289 -2.1199128234178257422670648928 -4.9305563833288636376511194200
3.2 -3.6874678688463220512188820147 -8.210253225765369105322256410 -2.1193743787125014796612517057 -4.9293591532974568945605002279
3.3 -3.8993809962631721236554689989 -8.703134969104987592472077135 -2.1188975373477869267917159813 -4.9282961664985405091823061276
3.4 -4.1112490933754602990927679335 -9.195916214549169247400637501 -2.1184722926333843881145201994 -4.9273460226238714145575877649
3.5 -4.3230769075409770857071242647 -9.688607361259411738108616012 -2.1180906946419633270839775743 -4.9264916432857583760882598394
3.6 -4.5348684723557358672657478398 -10.181217272018411886021201543 -2.1177463474836223417276728580 -4.9257192329350053607354966165
3.7 -4.7466272439884706496808313271 -10.673753561898977290495401653 -2.1174340471842226291137768826 -4.9250175259042560871852146500
3.8 -4.9583562064345012246372825960 -11.166222822138555002023019855 -2.1171495163280206392370836882 -4.9243772316669598890275948108
3.9 -5.1700579538234151024505662560 -11.658630795930004743312838636 -2.1168892065814640527075606124 -4.9237906199786145823324823597
4.0 -5.3817347555344635444501415170 -12.150982518016564647381751352 -2.1166501496656291470601331368 -4.9232512063987769138136888427
4.1 -5.5933886082574119482484259508 -12.643282426684454209519298980 -2.1164298434531484742962053130 -4.9227535109489063623270749717
4.2 -5.8050212780193068564045107241 -13.135534454456072747644646058 -2.1162261638953123685510358319 -4.9222928707983823450613311503
4.3 -6.0166343344123881253280956448 -13.627742102168597122408778211 -2.1160372961935838738278331925 -4.9218652933721158549064990940
4.4 -6.2282291786981295155561376199 -14.119908499962741441144347807 -2.1158616804814892637233145976 -4.9214673400541455168723313715
4.5 -6.4398070670571083011989826962 -14.612036457863557307192061969 -2.1156979685686909514847768808 -4.9210960333000938333064349084
4.6 -6.6513691299574687918293370127 -15.104128508015076310177103535 -2.1155449892048582849122141541 -4.9207487818385296083888005683
4.7 -6.8629163883946191925462226645 -15.596186940169172173079591631 -2.1154017199675629678398374207 -4.9204233199798214621898656986
4.8 -7.0744497675898303629950716065 -16.088213831681986479019061073 -2.1152672643457144901135904963 -4.9201176580222191559248636226
4.9 -7.2859701086105117982092897867 -16.580211073007667999414674392 -2.1151408329316244959559866718 -4.9198300414574026085405868229
5.0 -7.4974781782794924679071387019 -17.072180389477105427371647904 -2.1150217278871378062272767080 -4.9195589172059428348210350643
5.1 -7.7089746776670445161463328557 -17.564123359993086629004512482 -2.1149093300375594290828684721 -4.9193029055085194218452193294
5.2 -7.9204602494021808971080226191 -18.056041433151523931058380774 -2.1148030880889139405935078713 -4.9190607763974320328954325052
5.3 -8.131935483994941308254917189 -18.547935941202725365063856088 -2.1147025095718073564537436509 -4.9188314299005174941474059519
5.4 -8.343400925326014486919571646 -19.039808112191021086975777274 -2.1146071531976827978077533401 -4.9186138793043714075834538405
5.5 -8.554857075431944463581181626 -19.531659080550792173111103616 -2.1145166223769601034290971083 -4.9184072369390382028529778301
5.6 -8.766304398691696237722350315 -20.023489896388652793380491652 -2.1144305596980786504904842130 -4.9182107020517635075549537577
5.7 -8.977743325502275146560552073 -20.515301533642597681667037391 -2.1143486422052400138801615452 -4.9180235504201353820927945814
5.8 -9.189174255516461620722077568 -21.007094897277353235031695382 -2.1142705773432051052810615527 -4.9178451254202793629773514279
5.9 -9.400597560503816235119037067 -21.498870829649431052532563263 -2.1141960994617304356109644443 -4.9176748303176874970968306800
6.0 -9.612013586886370663131884705 -21.990630116154291700229784464 -2.1141249667915534935938476355 -4.9175121215897496410324805975
6.1 -9.823422657992414267880156792 -22.482373490250660213923120806 -2.1140569588193368449962877098 -4.9173565031223926759422649673
6.2 -10.034825076065174046150600126 -22.974101637942669163532546803 -2.1139918740014778824818884704 -4.9172075211501613281095362870
6.3 -10.246221124057700252528735488 -23.465815201788568988975978153 -2.1139295277668187812448177016 -4.9170647598309336452401306840
6.4 -10.457611067240699789808167367 -23.957514784494786017525219075 -2.1138697507665381294906901279 -4.9169278373642933376150378055
6.5 -10.668995154646236085382504583 -24.449200952145765186305471112 -2.1138123873362521395003822434 -4.9167964025771892667191130626
6.6 -10.880373620367003104043962377 -24.940874237113017883623985190 -2.1137572941408966485886320136 -4.9166701319125332842065638283
6.7 -11.091746684728174214746887631 -25.432535140680872722766787246 -2.1137043389775350741908442901 -4.9165487267663207218647544710
6.8 -11.303114555346536494247512162 -25.924184135421410216817726190 -2.1136533997150268579104549102 -4.9164319111270984277075768687
6.9 -11.514477428089676871837052550 -26.415821667346798301020768930 -2.1136043633526424675733024947 -4.9163194294784678398403524737
7.0 -11.725835487946330586352843172 -26.907448157863609684256895522 -2.1135571251823418325850822198 -4.9162110449310465747598748658
7.1 -11.937188909817587531803263505 -27.399064005550591899742582890 -2.1135115880416370482831583706 -4.9161065375551232203301564643
7.2 -12.148537859237439441462549760 -27.890669587778692616957895652 -2.1134676616458128918093047247 -4.9160057028892892256558088161
7.3 -12.359882493030108540113822255 -28.382265262189846890090837209 -2.1134252619898412673899734167 -4.9159083506037507624892148322
7.4 -12.571222959910699833576948866 -28.873851368049052071280528562 -2.1133843108116477648757493015 -4.9158143032999193388227728874
7.5 -12.782559401034942643254080719 -29.365428227482542320711792680 -2.1133447351095105148465720726 -4.9157233954303402146420677998
7.6 -12.993891950503114033640706185 -29.856996146613388135712860208 -2.1133064667073265420151807316 -4.9156354723251139268096589284
7.7 -13.205220735822652126944573847 -30.348555416604553735457799071 -2.1132694418622960205848914037 -4.9155503893127573540472385131
7.8 -13.416545878333458124340183952 -30.840106314618318469066813442 -2.1132336009102726016932294048 -4.9154680109249853131306307627
7.9 -13.627867493599441368613447610 -31.331649104699984079159555516 -2.1131988879446268161512331024 -4.9153882101762118714440193335
8.0 -13.839185691769472885656214570 -31.823184038592927733736217111 -2.1131652505249848004842711007 -4.9153108679097057651782086681
8.1 -14.050500577910571831374802172 -32.314711356491304369580827367 -2.1131326394126490176463653254 -4.9152358722033143251450505538
8.2 -14.261812252315849612571368675 -32.806231287736036746698801897 -2.1131010083298918997932522498 -4.9151631178285183558168320217
8.3 -14.473120810789472587479481957 -33.297744051459145499974971558 -2.1130703137406463462507500247 -4.9150925057573159438452052242
8.4 -14.684426344910671443922654040 -33.789249857180953980827830147 -2.1130405146504062498440673268 -4.9150239427120725364254627817
8.5 -14.895728942278619547895463090 -34.280748905364244899572019633 -2.1130115724234019985099255268 -4.9149573407540315987503185201
8.6 -15.107028686739820279382737202 -34.772241387929040066821398364 -2.1129834506153355227636247119 -4.9148926169066663659277657625
8.7 -15.318325658599481641538483669 -35.263727488731314319388650273 -2.1129561148201514311195802190 -4.9148296928104784991420248921
8.8 -15.529619934818212674689021208 -35.755207384008634341074454331 -2.1129295325294889102441566519 -4.9147684944062222016303333289
8.9 -15.740911589195248210875695104 -36.246681242795427661980630187 -2.1129036730036066085343690375 -4.9147089516438596642988348706
9.0 -15.952200692539294350436984983 -36.738149227310332409901522556 -2.1128785071527024358895380273 -4.9146509982148416643632879806
9.1 -16.163487312827985067839730067 -37.229611493317850724118549368 -2.1128540074276644606296029335 -4.9145945713055609234898278200
9.2 -16.374771515356849116725392048 -37.721068190466324936539592548 -2.1128301477193898890320428316 -4.9145396113700498916559243301
9.3 -16.586053362878604648526916219 -38.212519462604072900999324171 -2.1128069032658982089149260372 -4.9144860619201927779689141456
9.4 -16.797332915733525590638145537 -38.703965448075354786572006824 -2.1127842505665434579843218496 -4.9144338693318971857533697936
9.5 -17.008610231971557893169985661 -39.195406279997696128179372594 -2.1127621673027005257029533761 -4.9143829826658264593974399260
9.6 -17.219885367466804411516410320 -39.686842086521959094353316032 -2.1127406322643625239415900674 -4.9143333535014322622581735544
9.7 -17.431158376024943712273060341 -40.178272991076434162358130375 -2.1127196252821415265457926753 -4.9142849357831500969055235803
9.8 -17.642429309484099828918189066 -40.669699112596116257034746548 -2.1126991271642142130694280926 -4.9142376856777302883473504245
9.9 -17.853698217809636385063071879 -41.161120565738231655104976268 -2.1126791196377978795580824626 -4.9141915614417749737809289607
10.0 -18.064965149183309048394730278 -41.652537461084993473678738057 -2.1126595852947815276304991170 -4.9141465232986392680609250459
10.1 -18.276230150087174537734592586 -42.143949905334483372550187892 -2.1126405075411718595828639086 -4.9141025333239332136372569527
10.2 -18.487493265382621990159702487 -42.635358001480484340015857357 -2.1126218705500454695836116896 -4.9140595553389314349552778511
10.3 -18.698754538384863060813852308 -43.126761848982023335857056502 -2.1126036592177267469167888825 -4.9140175548112605255212519734
10.4 -18.910014010933190369919289179 -43.618161543923322453921158760 -2.1125858591229363624256319060 -4.9139764987622909117464375097
10.5 -19.121271723457289558903999885 -44.109557179164802537524910767 -2.1125684564886780145988006205 -4.9139363556807109727574492898
10.6 -19.332527715039868029887091228 -44.600948844485733297538324330 -2.1125514381466516489248231834 -4.9138970954418071749124038384
10.7 -19.543782023475843205863410666 -45.092336626719078468040504933 -2.1125347915039998811279502383 -4.9138586892320154542112911475
10.8 -19.755034685328314671929204148 -45.583720609879042962125963335 -2.1125185045122110701165375605 -4.9138211094783465343414834879
10.9 -19.966285735981527670452444616 -46.075100875281790980651026125 -2.1125025656380175926477310443 -4.9137843297823217310878650817
11.0 -20.177535209691019972998987870 -46.566477501659769239608079407 -2.1124869638361415391270699539 -4.9137483248580864439167309609
11.1 -20.388783139631130002889478861 -47.057850565270037613208165944 -2.1124716885237524292889519938 -4.9137130704743963079108056149
11.2 -20.600029557940031112481756856 -47.549220139996980267021906850 -2.1124567295565127712367452939 -4.9136785434001961710144150257
11.3 -20.811274495762445019228973590 -48.040586297449743534062951229 -2.1124420772060974758899440110 -4.9136447213535349364649461427
11.4 -21.022517983290176476001736189 -48.531949107054722146758613179 -2.1124277221390823964929992575 -4.9136115829535801027134969270
11.5 -21.233760049800601205756606066 -49.023308636143392781719476631 -2.1124136553971056830572904300 -4.9135791076755147516278955224
11.6 -21.445000723693229888890676699 -49.514664950035773024168075666 -2.1123998683782133077623285052 -4.9135472758081169661310122353
11.7 -21.656240032524462481921983944 -50.006018112119764654447195268 -2.1123863528193071037312681065 -4.9135160684138373663949136680
11.8 -21.867478003040639303880157567 -50.497368183926622455501095008 -2.1123731007796200325415993528 -4.9134854672912047872992741130
11.9 -22.078714661209488093655556300 -50.988715225202773406909636279 -2.1123601046251492146074913973 -4.9134554549394032114052366958
12.0 -22.289950032250059564821691650 -51.480059293978196049782802691 -2.1123473570139825742088259923 -4.9134260145248750396449606327
12.1 -22.501184140661237816419866939 -51.971400446631555870635740291 -2.1123348508824598149466459820 -4.9133971298498167324244168648
12.2 -22.712417010248906255681576167 -52.462738737952279664363570417 -2.1123225794321128943718752467 -4.9133687853224428820977421237
12.3 -22.923648664151844412505662829 -52.954074221199739908748665878 -2.1123105361173352467010410770 -4.9133409659289039692997086420
12.4 -23.134879124866426140171990166 -53.445406948159709135798668172 -2.1122987146337327442597755315 -4.9133136572067514872822274000
12.5 -23.346108414270185169990001250 -53.936736969198234046163246108 -2.1122871089071128224905549749 -4.9132868452198518593583217340
12.6 -23.557336553644309790011689684 -54.428064333313069616010454702 -2.1122757130830713478568716681 -4.9132605165346576871163531491
12.7 -23.768563563695124522890054582 -54.919389088182804631076795899 -2.1122645215171397078573759770 -4.9132346581977514074050918613
12.8 -23.979789464574613061125585693 -55.410711280213801895494740561 -2.1122535287654572702631014476 -4.9132092577145824549076322723
12.9 -24.191014275900033357155774750 -55.902030954585068753624243741 -2.1122427295759368150477314362 -4.9131843030293245702219047502
13.0 -24.402238016772672640791053657 -56.393348155291166486004301730 -2.1122321188798928057703668032 -4.9131597825057850021637877050
13.1 -24.613460705795787228927850811 -56.884662925183260554171926810 -2.1122216917841044541081613528 -4.9131356849093020649895115472
13.2 -24.824682361091769285409798725 -57.375975306008407535512922035 -2.1122114435632874569598900936 -4.9131119993895718603526912962
13.3 -25.035903000318580166937298162 -57.867285338447168873789663636 -2.1122013696529500637712286600 -4.9130887154643489908543072927
13.4 -25.247122640685487639926637174 -58.358593062149636241747546150 -2.1121914656426107749148320159 -4.9130658230039698049484814689
13.5 -25.458341298968142060262033938 -58.849898515769948340108899698 -2.1121817272693564913940512058 -4.9130433122166501471062691650
13.6 -25.669558991523024561114281311 -59.341201736999374315615994312 -2.1121721504117213420975301959 -4.9130211736345127655778714718
13.7 -25.880775734301298382544711633 -59.832502762598034645078657214 -2.1121627310838677166524548447 -4.9129993981003024738127240873
13.8 -26.091991542862092690490862841 -60.323801628425326280115175131 -2.1121534654300522381076998987 -4.9129779767547498897003267087
13.9 -26.303206432385246562769982855 -60.815098369469115057769751350 -2.1121443497193605279681903397 -4.9129569010245471066893776261
14.0 -26.514420417683539257507410747 -61.306393019873754836430785182 -2.1121353803406956535579313798 -4.9129361626109009984022075240
14.1 -26.725633513214431417142465629 -61.797685612966989496963414584 -2.1121265537980061107520783037 -4.9129157534786320380718141105
14.2 -26.936845733091340491743907686 -62.288976181285790839593661684 -2.1121178667057400896687635402 -4.9128956658457885392200771174
14.3 -27.148057091094472382201741783 -62.780264756601182492991866577 -2.1121093157845136023224763132 -4.9128758921737481065599016747
14.4 -27.359267600681230100887501825 -63.271551369942097219508353118 -2.1121008978569808244259346844 -4.9128564251577798372008378318
14.5 -27.570477274996219118996702077 -63.762836051618312436981288246 -2.1120926098438957229825911599 -4.9128372577180424419900975813
14.6 -27.781686126880868010840735775 -64.254118831242506371301390330 -2.1120844487603547111541946427 -4.9128183829909949745008878355
14.7 -27.992894168882682011071217083 -64.745399737751474994204348726 -2.1120764117122106958898327995 -4.9127997943211982692861910256
14.8 -28.204101413264146166789032624 -65.236678799426547777607498978 -2.1120684958926494654240452938 -4.9127814852534865093435485496
14.9 -28.415307872011293888636095987 -65.727956043913238299997392726 -2.1120606985789199061663337936 -4.9127634495254895724395060335
15.0 -28.626513556841955879517143769 -66.219231498240163863380164189 -2.1120530171292100446274931350 -4.9127456810604879535921025726
15.1 -28.837718479213703643058502224 -66.710505188837266513227867911 -2.1120454489796613825378248187 -4.9127281739605831326450776777
15.2 -29.048922650331501043044078597 -67.201777141553366191371345058 -2.1120379916415144346708274846 -4.9127109225001672570419324428
15.3 -29.260126081155076696875617265 -67.693047381673075186116637890 -2.1120306426983787913587654591 -4.9126939211196769457321182116
15.4 -29.471328782406029337801641012 -68.184315933933101568700990227 -2.1120233998036214133590571427 -4.9126771644196168953211301078
15.5 -29.682530764574677669664806552 -68.675582822537967914711311657 -2.1120162606778672275237225378 -4.9126606471548397884467698332
15.6 -29.893732037926665661832446356 -69.166848071175170297834294550 -2.1120092231066064294088121000 -4.9126443642290697709223762339
15.7 -30.104932612509333688571731086 -69.658111703029801306248788588 -2.1120022849379032151697957850 -4.9126283106896574821215530877
15.8 -30.316132498157865404337957873 -70.149373740798659664417504368 -2.1119954440802009613292606738 -4.9126124817225552957911181019
15.9 -30.527331704501219762335573526 -70.640634206703867940623711027 -2.1119886985002191486663779875 -4.9125968726475020591127178623
16.0 -30.738530240967857126494073511 -71.131893122506018779268590361 -2.1119820462209375868489691001 -4.9125814789134072092932129380
16.1 -30.949728116791267995005895153 -71.623150509516869112914923508 -2.1119754853196637406969573170 -4.9125662960939247019349308710
16.2 -31.160925341015312445246173656 -72.114406388611600878809768981 -2.1119690139261791882296483206 -4.9125513198832077064034856586
16.3 -31.372121922499378023785834099 -72.605660780240665884858753010 -2.1119626302209614559257850213 -4.9125365460918355126725435814
16.4 -31.583317869923363439968928494 -73.096913704441231637694878889 -2.1119563324334776788564799968 -4.9125219706429045538112459849
16.5 -31.794513191792495075892039204 -73.588165180848244157727748749 -2.1119501188405467234094560257 -4.9125075895682758803642494001
16.6 -32.005707896441982998421622653 -74.079415228705123060207191127 -2.1119439877647665890172698299 -4.9124933990049718291859139817
16.7 -32.216901992041522849015923000 -74.570663866874103474897137538 -2.1119379375730040733823863602 -4.9124793951917150115259644955
16.8 -32.428095486599649693555368426 -75.061911113846238707603330047 -2.1119319666749438438540441972 -4.9124655744656031048987668617
16.9 -32.639288387967949636170063218 -75.553156987751076912355984190 -2.1119260735216942065018723007 -4.9124519332589132719644336728
17.0 -32.850480703845134737288273157 -76.044401506366024441480752463 -2.1119202566044470046492549214 -4.9124384680960303486656664172
17.1 -33.061672441780986525976692556 -76.535644687125407970194088416 -2.1119145144531892107331198497 -4.9124251755904932444620741062
17.2 -33.272863609180173159316578265 -77.026886547129246950950022236 -2.1119088456354638998645790336 -4.9124120524421542808576656559
17.3 -33.484054213305945056324348042 -77.518127103151747438875302867 -2.1119032487551784108589083560 -4.9123990954344464616194879216
17.4 -33.695244261283713620092304530 -78.009366371649527841695105348 -2.1118977224514576112324790948 -4.9123863014317539201525454266
17.5 -33.906433760104517458749407325 -78.500604368769586684106426120 -2.1118922653975402871462645860 -4.9123736673768810273748216611
17.6 -34.117622716628380322918451526 -78.991841110357022036226659640 -2.1118868762997167778996260416 -4.9123611902886158680083300512
17.7 -34.328811137587564794007175055 -79.48307661196251183724158846 -2.1118815538963060677069098220 -4.9123488672593840052896328463
17.8 -34.539999029589725583384287101 -79.97431088884956394749043477 -2.1118762969566706354610947336 -4.9123366954529886544726438302
17.9 -34.751186399120966136757425668 -80.46554395600154438382006448 -2.1118711042802674463186952849 -4.9123246721024335748627945355
18.0 -34.962373252548802080419323474 -80.95677582812849183304934263 -2.1118659746957335475226508579 -4.9123127945078251691521095941
18.1 -35.173559596125034896020137823 -81.44800651967372619580593960 -2.1118609070600048051897483160 -4.9123010600343504481424694881
18.2 -35.384745435988539067743685964 -81.93923604482025858688973750 -2.1118559002574663890828244266 -4.9122894661103276791313333167
18.3 -35.595930778167965809823733231 -82.43046441749700990779381067 -2.1118509531991336789053133854 -4.9122780102253266878343115726
18.4 -35.807115628584366352867199043 -82.92169165138484481124277216 -2.1118460648218623286207333208 -4.9122666899283559272406565824
18.5 -36.018299993053737644109540869 -83.41291775992242759580528522 -2.1118412340875862849219922512 -4.9122555028261135627164917577
18.6 -36.229483877289493199189284398 -83.90414275631190630006493484 -2.1118364599825826124509689435 -4.9122444465812999514313359322
18.7 -36.440667286904861730988292229 -84.39536665352443100979668697 -2.1118317415167620318811457095 -4.9122335189109890162026289541
18.8 -36.651850227415216074254260099 -84.88658946430551214744038424 -2.1118270777229841276968989880 -4.9122227175850561295204662157
18.9 -36.863032704240334822831080841 -85.37781120118022428027143336 -2.1118224676563962305932615635 -4.9122120404246602331958721003
19.0 -37.074214722706598999115678013 -85.86903187645826076146069247 -2.1118179103937950250302895614 -4.9122014853007780231129795803
19.1 -37.285396288049125982595834814 -86.36025150223884430614237485 -2.1118134050330099757478833880 -4.9121910501327881272793221199
19.2 -37.496577405413842835775264044 -86.85147009041549840215343553 -2.1118089506923077081125056027 -4.9121807328871032990600162394
19.3 -37.707758079859501081245348931 -87.34268765268068426178243877 -2.1118045465098165161509821535 -4.9121705315758487364332412769
19.4 -37.918938316359634902915339941 -87.83390420053030783620971064 -2.1118001916429702091450808933 -4.9121604442555847225810691953
19.5 -38.130118119804464667273326531 -88.32511974526810123789873225 -2.1117958852679705428233017546 -4.9121504690260718633801214706
19.6 -38.341297495002747586838632186 -88.81633429800988274760040658 -2.1117916265792675145960847852 -4.9121406040290772736143643940
19.7 -38.552476446683577277511987710 -89.30754786968769942146886540 -2.1117874147890568340340143335 -4.9121308474472201362171013285
19.8 -38.763654979498133894171865960 -89.79876047105385615969298524 -2.1117832491267939099763189514 -4.9121211975028551277671810545
19.9 -38.974833098021386464451455256 -90.28997211268483495067487117 -2.1117791288387237243643466232 -4.9121116524569922690095750619
20.0 -39.186010806753748979016926599 -90.78118280498510786380717597 -2.1117750531874259902019576557 -4.9121022106082518215252034773
20.1 -39.397188110122691737717711588 -91.27239255819084722900487748 -2.1117710214513750170273902401 -4.9120928702918529110108344627
20.2 -39.608365012484309394564575162 -91.76360138237353631204031776 -2.1117670329245137320101329400 -4.9120836298786346141085689511
20.3 -39.819541518124847090489352905 -92.25480928744348367113486848 -2.1117630869158413283285349701 -4.9120744877741082994979186147
20.4 -40.030717631262186011135827212 -92.74601628315324426191324002 -2.1117591827490140349022492553 -4.9120654424175400651750014478
20.5 -40.241893356047289657414951258 -93.23722237910095024447781220 -2.1117553197619585229074313799 -4.9120564922810621626278317107
20.6 -40.453068696565612069125862052 -93.72842758473355433777414545 -2.1117514973064974848477825989 -4.9120476358688123451012101704
20.7 -40.664243656838469196498646691 -94.21963190934998846237109207 -2.1117477147479869413436910097 -4.9120388717161001214491792289
20.8 -40.875418240824374570962546360 -94.71083536210424031305736640 -2.1117439714649648492845466857 -4.9120301983885989393104134385
20.9 -41.086592452420340384695930640 -95.20203795200835040705972776 -2.1117402668488106026126165630 -4.9120216144815633616188750109
21.0 -41.297766295463145048488229693 -95.69323968793533206202511353 -2.1117366003034150338148473418 -4.9120131186190703388791651438
21.1 -41.508939773730568259059646149 -96.18444057862201666999893919 -2.1117329712448605402333180664 -4.9120047094532837162881858067
21.2 -41.720112890942594570166506148 -96.67564063267182654930238978 -2.1117293791011109746051528443 -4.9119963856637411497616293619
21.3 -41.931285650762586426496999906 -97.16683985855747757529960866 -2.1117258233117109538457006575 -4.9119881459566626383100888674
21.4 -42.142458056798427585465869350 -97.65803826462361371339621760 -2.1117223033274942540298060262 -4.9119799890642799120852020271
21.5 -42.353630112603637819482800366 -98.14923585908937550307632625 -2.1117188186103009728382082572 -4.9119719137441859458567776266
21.6 -42.564801821678459760036572275 -98.64043265005090447022620512 -2.1117153686327031534508750343 -4.9119639187787038967587380870
21.7 -42.775973187470918714947158777 -99.13162864548378537627614828 -2.1117119528777385760160435169 -4.9119560029742747929224866695
21.8 -42.987144213377856261335597525 -99.62282385324542814669135209 -2.1117085708386524344309440763 -4.9119481651608633261648522688
21.9 -43.198314902745938389193911405 -100.11401828107739125793771132 -2.1117052220186466272641382710 -4.9119404041913811272745117764
22.0 -43.409485258872638943854615132 -100.60521193660764830112498962 -2.1117019059306364022552072822 -4.9119327189411269267029283737
22.1 -43.620655285007199090113759202 -101.09640482735279938197912808 -2.1116986220970141039689304032 -4.9119251083072430266675072107
22.2 -43.831824984351563496207743859 -101.58759696072022896051405239 -2.1116953700494197838805809103 -4.9119175712081875328671129890
22.3 -44.042994360061293912239161415 -102.07878834401021167966275214 -2.1116921493285184414478324935 -4.9119101065832218152418602823
22.4 -44.254163415246460794949651308 -102.56997898441796768009388863 -2.1116889594837836736031838902 -4.9119027133919126875261640813
22.5 -44.465332152972513608909097820 -103.06116888903566884839446832 -2.1116858000732875185978840138 -4.9118953906136488147900020891
22.6 -44.676500576261130413193245055 -103.55235806485439739765617128 -2.1116826706634962882621876934 -4.9118881372471708767794958583
22.7 -44.887668688091047322420491157 -104.04354651876605813318174106 -2.1116795708290721905345642292 -4.9118809523101150326934249009
22.8 -45.098836491398868411579469526 -104.53473425756524571145123371 -2.1116765001526805515704996562 -4.9118738348385692501042830467
22.9 -45.310003989079856615369830631 -105.02592128795106815758231396 -2.1116734582248024538852224576 -4.9118667838866420770861963844
23.0 -45.521171183988706154768709904 -105.51710761652892786521403375 -2.1116704446435526138286931676 -4.9118597985260434522808707500
23.1 -45.732338078940297006195438552 -106.00829324981226126297274566 -2.1116674590145023282494347581 -4.9118528778456771626484446358
23.2 -45.943504676710431911949213204 -106.49947819422423829337819596 -2.1116645009505073264894404916 -4.9118460209512445730428025828
23.3 -46.154670980036556414512061230 -106.99066245609942281315654842 -2.1116615700715403698780092446 -4.9118392269648592655491464579
23.4 -46.365836991618462381817116891 -107.48184604168539498838703554 -2.1116586660045284466698246454 -4.9118324950246722397525825886
23.5 -46.577002714118975475655714443 -107.97302895714433672366469208 -2.1116557883831944159132169593 -4.9118258242845073377959582449
23.6 -46.788168150164627001012965051 -108.46421120855458113146028373 -2.1116529368479029590490649306 -4.9118192139135065702576835336
23.7 -46.999333302346310560258219181 -108.95539280191212701604957860 -2.1116501110455107031394149278 -4.9118126630957850305591014172
23.8 -47.210498173219923922753024247 -109.44657374313211931571927077 -2.1116473106292203845173184079 -4.9118061710300950968182665931
23.9 -47.421662765306996507554714262 -109.93775403805029641739006164 -2.1116445352584389263448401713 -4.9117997369294996308238225998
24.0 -47.632827081095302864469359037 -110.42893369242440522928459948 -2.1116417845986393080734414709 -4.9117933600210538941290549749
24.1 -47.843991123039462526725055868 -110.92011271193558486976708682 -2.1116390583212261091283382563 -4.9117870395454959111812004764
24.2 -48.055154893561526596977881315 -111.41129110218971980395216489 -2.1116363561034046132939149816 -4.9117807747569450189228384937
24.3 -48.266318395051551417211423910 -111.90246886871876323408471768 -2.1116336776280533642683939541 -4.9117745649226083514479359183
24.4 -48.477481629868159662330616916 -112.39364601698203152499273435 -2.1116310225836000666899109613 -4.9117684093224950170812868257
24.5 -48.688644600339089186866211855 -112.88482255236747042207715740 -2.1116283906639007306197770441 -4.9117623072491377336923233170
24.6 -48.899807308761729944182974951 -113.37599848019289379629208349 -2.1116257815681219610085342122 -4.9117562580073216961674686870
24.7 -49.110969757403649287908482836 -113.86717380570719562835358454 -2.1116231950006262970726502955 -4.9117502609138204577635471052
24.8 -49.322131948503105955956779954 -114.35834853409153592296497520 -2.1116206306708605097802618455 -4.9117443152971386145617734844
24.9 -49.533293884269553028499254980 -114.84952267046050122313108482 -2.1116180882932467687889022138 -4.9117384204972610894504056913
25.0 -49.744455566884130142521564414 -115.34069621986324037462577162 -2.1116155675870765932020183734 -4.9117325758654088189965279929
25.1 -49.955616998500145237188470394 -115.83186918728457617134851612 -2.1116130682764075034194074653 -4.9117267807638006532353563219
25.2 -50.166778181243546096106758933 -116.32304157764609349363156703 -2.1116105900899622941543769927 -4.9117210345654212848200757087
25.3 -50.377939117213381944719133489 -116.81421339580720453351399089 -2.1116081327610308513821093702 -4.9117153366537950301471850377
25.4 -50.589099808482255353468761415 -117.30538464656619168355934436 -2.1116056960273744385738356885 -4.9117096864227652910117908870
25.5 -50.800260257096764690035045666 -117.79655533466122864893678261 -2.1116032796311323800642345356 -4.9117040832762795310639516535
25.6 -51.011420465077937356846673816 -118.28772546477138032618942479 -2.1116008833187310717990151088 -4.9116985266281796068402739795
25.7 -51.222580434421654043218928645 -118.77889504151758197635780676 -2.1115985068407952520197809968 -4.9116930159019972984433336820
25.8 -51.433740167099064214829874512 -119.27006406946359820489021348 -2.1115961499520614666676881300 -4.9116875505307548900435611356
25.9 -51.644899665056993056835966698 -119.76123255311696224603637470 -2.1115938124112936664296271987 -4.9116821299567706552920444940
26.0 -51.856058930218340080723816229 -120.25240049692989603516798854 -2.1115914939812008744140387201 -4.9116767536314691074659498565
26.1 -52.067217964482469598993558266 -120.74356790530021153868112267 -2.1115891944283568654312186906 -4.9116714210151958787282782869
26.2 -52.278376769725593265963109658 -121.23473478257219379779476190 -2.1115869135231217997681619381 -4.9116661315770370972774911105
26.3 -52.489535347801144877364452374 -121.72590113303746612965034160 -2.1115846510395657561935501109 -4.9116608847946431353968415084
26.4 -52.700693700540147615966122373 -122.21706696093583791662340062 -2.1115824067553941107072232032 -4.9116556801540566054944601599
26.5 -52.911851829751573925193770238 -122.70823227045613540266550408 -2.1115801804518747092630556224 -4.9116505171495444851594815609
26.6 -53.123009737222698187626704515 -123.19939706573701590378792346 -2.1115779719137667843471504734 -4.9116453952834342560526231021
26.7 -53.334167424719442380316695596 -123.69056135086776582846439014 -2.1115757809292515668871174208 -4.9116403140659539451072426913
26.8 -53.545324893986714874100210994 -124.18172512988908289275527684 -2.1115736072898645465052519965 -4.9116352730150759600443606649
26.9 -53.756482146748742539451104927 -124.67288840679384290432705296 -2.1115714507904293346109277511 -4.9116302716563646146075638564
27.0 -53.967639184709396316942248279 -125.16405118552785147924654806 -2.1115693112289930862575905940 -4.9116253095228272422060186727
27.1 -54.178796009552510406046521030 -125.65521346999058104545766740 -2.1115671884067634380694581581 -4.9116203861547687998206997510
27.2 -54.389952622942195221805060534 -126.14637526403589347718741757 -2.1115650821280469208743392347 -4.9116155010996498670848841272
27.3 -54.601109026523144264818920120 -126.63753657147274869516754187 -2.1115629922001888069637785878 -4.9116106539119479483992691193
27.4 -54.812265221920935046074781816 -127.12869739606589955848727805 -2.1115609184335143531418001350 -4.9116058441530219887888638443
27.5 -55.023421210742324204291699050 -127.61985774153657336510168262 -2.1115588606412714019205896865 -4.9116010713909800169570236739
27.6 -55.234576994575536949769803160 -128.11101761156314026949894859 -2.1115568186395743043771775226 -4.9115963352005498316454219240
27.7 -55.445732574990550965129436109 -128.60217700978176891776988073 -2.1115547922473491293011320056 -4.9115916351629526499710029365
27.8 -55.656887953539374889846370447 -129.09333593978706959231424065 -2.1115527812862801243409728748 -4.9115869708657796388855032834
27.9 -55.868043131756321512111894000 -129.58449440513272515065343059 -2.1115507855807573958979083495 -4.9115823419028712532932864029
28.0 -56.079198111158275788271960872 -130.07565240933211003528867082 -2.1115488049578257755209847893 -4.9115777478741993066721958635
28.1 -56.290352893244957806923868148 -130.56680995585889762424047583 -2.1115468392471348415291449446 -4.9115731883857517022729471798
28.2 -56.501507479499180811668665878 -131.05796704814765618482118125 -2.1115448882808900655242992345 -4.9115686630494197551281753677
28.3 -56.712661871387104393529528244 -131.54912368959443368632013653 -2.1115429518938050543665499310 -4.9115641714828880371854427085
28.4 -56.923816070358482961147508296 -132.04027988355733172061385243 -2.1115410299230548590593462863 -4.9115597133095266798919811382
28.5 -57.134970077846909594053484185 -132.53143563335706877324403566 -2.1115391222082303228397172360 -4.9115552881582860705052791953
28.6 -57.346123895270055381585809055 -133.02259094227753308122846656 -2.1115372285912934415879091993 -4.9115508956635938802853025820
28.7 -57.557277524029904347374433118 -133.51374581356632530777673415 -2.1115353489165337104627877107 -4.9115465354652543645435379057
28.8 -57.768430965512984056741410081 -134.00490025043529125816882260 -2.1115334830305254314352393017 -4.9115422072083498762834530146
28.9 -57.979584221090592001872163870 -134.49605425606104485531355543 -2.1115316307820859571324902771 -4.9115379105431445368685648338
29.0 -58.190737292119017857189201882 -134.98720783358548158793027292 -2.1115297920222348471226595840 -4.9115336451249900088001994107
29.1 -58.401890179939761695007734243 -135.47836098611628263888537664 -2.1115279666041539134618649771 -4.9115294106142333172792378292
29.2 -58.613042885879748249268597442 -135.96951371672740989596025054 -2.1115261543831481329966512389 -4.9115252066761266687666043989
29.3 -58.824195411251537312925770957 -136.46066602845959204222348104 -2.1115243552166074045632188644 -4.9115210329807392162478319718
29.4 -59.035347757353530352411482315 -136.95181792432080191822334956 -2.1115225689639691298526818365 -4.9115168892028707223495218706
29.5 -59.246499925470173420509361307 -137.44296940728672534340153743 -2.1115207954866815973191236545 -4.9115127750219670728516209241
29.6 -59.457651916872156446933343042 -137.93412048030122157945131044 -2.1115190346481681490952719891 -4.9115086901220375944908164082
29.7 -59.668803732816608983935118090 -138.42527114627677561379874518 -2.1115172863137921114498664384 -4.9115046341915741322585877916
29.8 -59.879955374547292482344039937 -138.91642140809494243696958503 -2.1115155503508224698719161136 -4.9115006069234718426640768892
29.9 -60.091106843294789171578744303 -139.40757126860678348331298222 -2.1115138266284002704006736429 -4.9114966080149516606584110785
30.0 -60.302258140276687615357593311 -139.89872073063329540038274927 -2.1115121150175057293369043887 -4.9114926371674843991048467756
30.1 -60.513409266697765013073771960 -140.38986979696583130822300364 -2.1115104153909260339714952726 -4.9114886940867164408294473358
30.2 -60.724560223750166315088834851 -140.88101847036651470586456911 -2.1115087276232238174521949663 -4.9114847784823969844012739279
30.3 -60.935711012613580218534183290 -141.37216675356864617850765238 -2.1115070515907062913788529521 -4.9114808900683068058705029293
30.4 -61.146861634455412108591856044 -141.86331464927710305514172053 -2.1115053871713950201724548695 -4.9114770285621884997386945057
30.5 -61.358012090430954008652702051 -142.35446216016873216273186058 -2.1115037342449963217040414518 -4.9114731936856781634487840161
30.6 -61.569162381683551601220080737 -142.84560928889273581957901630 -2.1115020926928722790967348799 -4.9114693851642384906643666307
30.7 -61.780312509344768379939363526 -143.33675603807105120703628848 -2.1115004623980123490280478350 -4.9114656027270932395595699141
30.8 -61.991462474534546991686392794 -143.82790241029872325543197805 -2.1114988432450055522608676075 -4.9114618461071630432632926384
30.9 -62.202612278361367826240440330 -144.31904840814427117680937255 -2.1114972351200132325204241200 -4.9114581150410025304958255915
31.0 -62.413761921922404909697887258 -144.81019403415004877394064888 -2.1114956379107423702115842418 -4.9114544092687387253028193785
31.1 -62.624911406303679156450653264 -145.30133929083259865200500697 -2.1114940515064194378363673750 -4.9114507285340106956321473134
31.2 -62.836060732580209033257206316 -145.79248418068300045633666776 -2.1114924757977647843260361191 -4.9114470725839104213143164417
31.3 -63.047209901816158687672694142 -146.28362870616721325674415994 -2.1114909106769675358458537035 -4.9114434411689248527975617087
31.4 -63.258358915064983591877301601 -146.77477286972641219607596262 -2.1114893560376610009639759110 -4.9114398340428791327554410128
31.5 -63.469507773369573751747334920 -147.26591667377731951795672517 -2.1114878117748985683993053106 -4.9114362509628809534284258634
31.6 -63.680656477762394529850779757 -147.75706012071253008594068889 -2.1114862777851300858768130172 -4.9114326916892660232824181029
31.7 -63.891805029265625129917223059 -148.24820321290083150372240111 -2.1114847539661787089231489991 -4.9114291559855446172670542952
31.8 -64.102953428891294789230148167 -148.73934595268751894350722561 -2.1114832402172182087306255706 -4.9114256436183491856357958268
31.9 -64.314101677641416724316818274 -149.23048834239470478717346923 -2.1114817364387507285041683491 -4.9114221543573829969488287198
32.0 -64.525249776508119874266394338 -149.72163038432162318245218501 -2.1114802425325849779838720530 -4.9114186879753697915193721293
32.1 -64.736397726473778484989757073 -150.21277208074492961400796441 -2.1114787584018148561056521569 -4.9114152442480044221847543064
32.2 -64.947545528511139576743913248 -150.70391343391899558702244396 -2.1114772839507984920244147489 -4.9114118229539044598861724675
32.3 -65.158693183583448336279084914 -151.19505444607619851866003525 -2.1114758190851376949784335370 -4.9114084238745627421259996387
32.4 -65.369840692644571474026852380 -151.68619511942720693063080814 -2.1114743637116578037204732369 -4.9114050467943008429394072153
32.5 -65.580988056639118585832318188 -152.17733545616126103395684019 -2.1114729177383879264808721185 -4.9114016915002234435684865278
32.6 -65.792135276502561557841473959 -152.66847545844644879499406689 -2.1114714810745415626605243854 -4.9113983577821735835625065207
32.7 -66.003282353161352052286101411 -153.15961512842997756976015811 -2.1114700536304975976777082471 -4.9113950454326887725479494127
32.8 -66.214429287533037111061961681 -153.65075446823844139166868530 -2.1114686353177816626122030975 -4.9113917542469579434170156078
32.9 -66.425576080526372913171082946 -154.14189347997808399586936042 -2.1114672260490478505033366894 -4.9113884840227792281738595636
33.0 -66.636722733041436721295025338 -154.63303216573505766154199630 -2.1114658257380607813657008614 -4.9113852345605185381543695495
33.1 -66.847869245969737051982483977 -155.12417052757567795168667939 -2.1114644342996780081874655493 -4.9113820056630689307982799900
33.2 -67.059015620194322103170904415 -155.61530856754667442819312417 -2.1114630516498327563716920692 -4.9113787971358107456022337314
33.3 -67.270161856589886472017366859 -156.10644628767543741825699925 -2.1114616777055169892709781269 -4.9113756087865724923195066188
33.4 -67.481307956022876195288301104 -156.59758368997026090653892571 -2.1114603123847647926503325819 -4.9113724404255924748968674855
33.5 -67.692453919351592143850094892 -157.08872077642058162583163412 -2.1114589556066360710925455953 -4.9113692918654811350518585723
33.6 -67.903599747426291802112842894 -157.57985754899721441741125190 -2.1114576072912005495346515687 -4.9113661629211840997950168269
33.7 -68.114745441089289462606855894 -158.07099400965258393069873765 -2.1114562673595220732935348462 -4.9113630534099459175915750829
33.8 -68.325891001175054865215629757 -158.56213016032095273034597963 -2.1114549357336432001034527647 -4.9113599631512744682363311304
33.9 -68.537036428510310309949295970 -159.05326600291864587738696153 -2.1114536123365700778483934263 -4.9113568919669060318839877168
34.0 -68.748181723914126271518688794 -159.54440153934427204965663298 -2.1114522970922576018278876988 -4.9113538396807710030356717513
34.1 -68.959326888198015543361631245 -160.03553677147894126527769972 -2.1114509899255948455462928281 -4.9113508061189602356308496797
34.2 -69.170471922166025938179439347 -160.52667170118647927164749449 -2.1114496907623907591627904731 -4.9113477911096920057327708595
34.3 -69.381616826614831571462560605 -161.01780633031363866102245989 -2.1114483995293601298825223329 -4.9113447944832795786251843512
34.4 -69.592761602333822753919300053 -161.50894066069030677249565282 -2.1114471161541097987085449385 -4.9113418160720993674586696312
34.5 -69.803906250105194518170359374 -162.00007469412971043889217828 -2.1114458405651251281097406379 -4.9113388557105596708967716619
34.6 -70.015050770704033804534046929 -162.49120843242861763586771753 -2.1114445726917567152915893510 -4.9113359132350699775154997872
34.7 -70.226195164898405330202145898 -162.98234187736753608928549622 -2.1114433124642073458848965491 -4.9113329884840108250048935614
34.8 -70.437339433449436165594201819 -163.47347503071090889576633207 -2.1114420598135191829922946613 -4.9113300812977042025085239204
34.9 -70.648483577111399041178068000 -163.96460789420730721015402346 -2.1114408146715611866536917378 -4.9113271915183844847162239905
35.0 -70.859627596631794407556596058 -164.45574046958962005251352713 -2.1114395769710167589099332857 -4.9113243189901698865972613774
35.1 -71.070771492751431271144057658 -164.94687275857524128618138585 -2.1114383466453716097588680246 -4.9113214635590344279257964890
35.2 -71.281915266204506827290920424 -165.43800476286625381731598761 -2.1114371236289018394098599948 -4.9113186250727803970080355370
35.3 -71.493058917718684912261673185 -165.92913648414961106534877025 -2.1114359078566622323516590232 -4.9113158033810113032711915003
35.4 -71.704202448015173295027209467 -166.42026792409731575271575383 -2.1114346992644747588545171034 -4.9113129983351053086184139081
35.5 -71.915345857808799829400548279 -166.91139908436659606125113152 -2.1114334977889172796306049931 -4.9113102097881891276914346399
35.6 -72.126489147808087486622121089 -167.40252996660007920165044163 -2.1114323033673124494772237586 -4.9113074375951123874139915677
35.7 -72.337632318715328288088214776 -167.89366057242596244145946103 -2.1114311159377168158250999168 -4.9113046816124224364143181917
35.8 -72.548775371226656157513171544 -168.38479090345818163611580324 -2.1114299354389101082092774970 -4.9113019416983395951443029916
35.9 -72.759918306032118711422355100 -168.87592096129657730666269079 -2.1114287618103847147728505514 -4.9112992177127328377264988792
36.0 -72.971061123815748006488452059 -169.36705074752705830686793550 -2.1114275949923353420040877778 -4.9112965095170958967681672764
36.1 -73.182203825255630261848149814 -169.85818026372176312161525290 -2.1114264349256488539954570714 -4.9112938169745237825841340422
36.2 -73.393346411023974574169385259 -170.34930951143921883758912461 -2.1114252815518942875987298642 -4.9112911399496897084675717081
36.3 -73.604488881787180642880967637 -170.84043849222449782644798764 -2.1114241348133130399337987493 -4.9112884783088224138400553054
36.4 -73.815631238205905522626224774 -171.33156720760937217987306869 -2.1114229946528092247901407792 -4.9112858319196838772995137630
36.5 -74.026773480935129419660192685 -171.82269565911246593509120625 -2.1114218610139401945390646028 -4.9112832006515474117671571071
36.6 -74.237915610624220548575557661 -172.31382384823940512869903863 -2.1114207338409072242520519774 -4.9112805843751761341122387550
36.7 -74.449057627916999065415867088 -172.80495177648296571586252106 -2.1114196130785463547957009981 -4.9112779829628018018067450128
36.8 -74.660199533451800092915255593 -173.29607944532321939122942115 -2.1114184986723193917470556589 -4.9112753962881040093309192815
36.9 -74.871341327861535853291897514 -173.78720685622767734717279430 -2.1114173905683050570445183927 -4.9112728242261897372150512497
37.0 -75.082483011773756923717411201 -174.27833401065143200428003537 -2.1114162887131902903591416327 -4.9112702666535732467633124496
37.1 -75.293624585810712629286326636 -174.76946091003729674831452926 -2.1114151930542616972389321794 -4.9112677234481563136617161749
37.2 -75.504766050589410588018311561 -175.26058755581594370720478099 -2.1114141035393971411449276473 -4.9112651944892087938246355002
37.3 -75.715907406721675422140963982 -175.75171394940603960095880704 -2.1114130201170574765622653929 -4.9112626796573495149828380974
37.4 -75.927048654814206649622456387 -176.24284009221437969675913605 -2.1114119427362784204323075068 -4.9112601788345274876607974434
37.5 -76.138189795468635769650999831 -176.73396598563601990086563196 -2.1114108713466625592131556852 -4.9112576919040034293322203206
37.6 -76.349330829281582555491829020 -177.22509163105440701833915832 -2.1114098058983714889356307020 -4.9112552187503315956803905343
37.7 -76.560471756844710567892041917 -177.71621702984150721099850268 -2.1114087463421180856800450844 -4.9112527592593419130241657759
37.8 -76.771612578744781901949012531 -178.20734218335793268343563626 -2.1114076926291589039559054612 -4.9112503133181224061013728592
37.9 -76.982753295563711180109090828 -178.69846709295306662633996897 -2.1114066447112867005220826776 -4.9112478808150019155290176133
38.0 -77.193893907878618803719770458 -179.18959175996518644582045330 -2.1114056025408230812390217314 -4.9112454616395330993842482376
38.1 -77.405034416261883475320308311 -179.68071618572158530686488277 -2.1114045660706112685972672863 -4.9112430556824757134714709511
38.2 -77.616174821281194003622788611 -180.17184037153869201853821894 -2.1114035352540089876179902574 -4.9112406628357801649594977593
38.3 -77.827315123499600402907710704 -180.66296431872218928799597210 -2.1114025100448814678713519382 -4.9112382829925713341881890875
38.4 -78.038455323475564298335219726 -181.15408802856713036987426817 -2.1114014903975945594074685040 -4.9112359160471326595568174353
38.5 -78.249595421763008648454972163 -181.64521150235805413711498071 -2.1114004762670079604424736208 -4.9112335618948904805163983125
38.6 -78.460735418911366795984216383 -182.13633474136909859879192083 -2.1113994676084685546887524585 -4.9112312204323986337955854784
38.7 -78.671875315465630857714857212 -182.62745774686411289002229674 -2.1113984643778038562638678621 -4.9112288915573232980944806875
38.8 -78.883015111966399464205952200 -183.11858052009676775857622160 -2.1113974665313155601570490445 -4.9112265751684280825829334042
38.9 -79.094154808949924859718147096 -183.60970306231066457233571432 -2.1113964740257731962753943264 -4.9112242711655593546396708828
39.0 -79.30529440694815937265089383 -184.10082537473944287130316035 -2.1113954868184078851341806800 -4.9112219794496318023659692393
39.1 -79.51643390648880126655180331 -184.59194745860688648741734151 -2.1113945048669061932969018276 -4.9112196999226142275026153697
39.2 -79.72757330809533998158006788 -185.08306931512702825500267623 -2.1113935281294040867109002851 -4.9112174324875155644716796291
39.3 -79.93871261228710077612244683 -185.57419094550425333425400960 -2.1113925565644809801237431155 -4.9112151770483711213551801251
39.4 -80.14985181957928877808074858 -186.06531235093340116974493907 -2.1113915901311538808038416149 -4.9112129335102290387111295901
39.5 -80.36099093048303245517397275 -186.55643353259986610554204362 -2.1113906287888716248262562936 -4.9112107017791369622137716908
39.6 -80.57212994550542651342620444 -187.04755449167969667811029558 -2.1113896724975092042211842322 -4.9112084817621289251890902867
39.7 -80.78326886514957423284289461 -187.53867522933969360780617349 -2.1113887212173621833183193924 -4.9112062733672124371989659492
39.8 -80.99440768991462924911322907 -188.02979574673750650937436552 -2.1113877749091412026551302820 -4.9112040765033557749077108644
39.9 -81.20554642029583679001480148 -188.52091604502172934149126536 -2.1113868335339665688511354033 -4.9112018910804754715431864299
40.0 -81.41668505678457437503868252 -189.01203612533199461503352975 -2.1113858970533629288834964215 -4.9111997170094240013413463577
40.1 -81.62782359986839198659813869 -189.50315598879906637939260851 -2.1113849654292540272317126286 -4.9111975542019776554378994467
40.2 -81.83896205003105172103262445 -189.99427563654493200580619715 -2.1113840386239575443909081257 -4.9111954025708246057438965763
40.3 -82.05010040775256692747017488 -190.48539506968289278633482723 -2.1113831166001800152841746952 -4.9111932620295531534134607746
40.4 -82.26123867350924084246589125 -190.97651428931765336677613324 -2.1113821993210118261346875421 -4.9111911324926401585816410390
40.5 -82.47237684777370472819176690 -191.46763329654541003148055362 -2.1113812867499222883878663549 -4.9111890138754396481185223081
40.6 -82.68351493101495552181357748 -191.95875209245393785771017897 -2.1113803788507547883027283746 -4.9111869060941715982123067916
40.7 -82.89465292369839300355389022 -192.44987067812267675686699704 -2.1113794755877220108597907521 -4.9111848090659108886591357859
40.8 -83.10579082628585649080636626 -192.94098905462281641960775172 -2.1113785769254012366604433273 -4.9111827227085764258009850430
40.9 -83.31692863923566106553537382 -193.43210722301738018155988394 -2.1113776828287297105196465098 -4.9111806469409204311150785494
41.0 -83.52806636300263334206643671 -193.92322518436130782605641335 -2.1113767932630000804801281552 -4.9111785816825178925189619703
41.1 -83.73920399803814678224715084 -194.41434293970153734001701103 -2.1113759081938559060019737430 -4.9111765268537561755146937749
41.2 -83.95034154479015656483485260 -194.90546049007708563881776893 -2.1113750275872872341066408712 -4.9111744823758247913535839343
41.3 -84.16147900370323401584645898 -195.39657783651912827571315841 -2.1113741514096262422789967720 -4.9111724481707053194595708763
41.4 -84.37261637521860060648746459 -195.88769498005107815110025925 -2.1113732796275429469549904974 -4.9111704241611614814047099440
41.5 -84.58375365977416152516101976 -196.37881192168866323664740455 -2.1113724122080409764460435055 -4.9111684102707293637843829123
41.6 -84.79489085780453882994427400 -196.86992866244000332904680432 -2.1113715491184534071741871044 -4.9111664064237077873927592372
41.7 -85.00602796974110418780769759 -197.36104520330568584789335981 -2.1113706903264386621144057078 -4.9111644125451488201507758906
41.8 -85.21716499601201120674384060 -197.85216154527884069193964619 -2.1113698357999764703625739012 -4.9111624285608484312894832685
41.9 -85.42830193704222736686490353 -198.34327768934521416772980765 -2.1113689855073638867688153368 -4.9111604543973372843410583640
42.0 -85.63943879325356555642352845 -198.83439363648324200437276603 -2.1113681394172113705970745506 -4.9111584899818716665381409931
42.1 -85.85057556506471521860832759 -199.32550938766412146797758259 -2.1113672974984389221921906937 -4.9111565352424245522694314321
42.2 -86.06171225289127311486480096 -199.81662494385188258904092677 -2.1113664597202722766558063271 -4.9111545901076767982857247073
42.3 -86.27284885714577371039341176 -200.30774030600345851584829258 -2.1113656260522391535520459818 -4.9111526545070084683957736097
42.4 -86.48398537823771918737964381 -200.79885547506875500672676176 -2.1113647964641655616830689634 -4.9111507283704902854355942270
42.5 -86.69512181657360909141581653 -201.28997045199071907376764478 -2.1113639709261721579933494287 -4.9111488116288752083380786734
42.6 -86.90625817255696961648123859 -201.78108523770540679042214010 -2.1113631494086706596798743360 -4.9111469042135901321720833727
42.7 -87.11739444658838253375590063 -202.27219983314205027516214564 -2.1113623318823603086033864607 -4.9111450060567277090615407090
42.8 -87.32853063906551376945330046 -202.76331423922312386319144248 -2.1113615183182243871133449897 -4.9111431170910382879356194824
42.9 -87.53966675038314163677012294 -203.25442845686440947798956038 -2.1113607086875267844164397222 -4.9111412372499219711005571807
43.0 -87.75080278093318472696432275 -203.74554248697506121427164112 -2.1113599029618086126352858232 -4.9111393664674207856625258106
43.1 -87.96193873110472946448864552 -204.23665633045766914375245377 -2.1113591011128848717203533630 -4.9111375046782109678687935709
43.2 -88.17307460128405733102373458 -204.72776998820832235491130296 -2.1113583031128411623942582608 -4.9111356518175953584715271014
43.3 -88.38421039185467176317367246 -205.21888346111667123776682660 -2.1113575089340304463232672313 -4.9111338078214959072548629740
43.4 -88.59534610319732472850706378 -205.70999675006598902448652399 -2.1113567185490698527262571889 -4.9111319726264462849013815717
43.5 -88.80648173569004298454854571 -206.20110985593323259647521189 -2.1113559319308375306464273493 -4.9111301461695846004088600851
43.6 -89.01761728970815402524888147 -206.69222277958910256840940013 -2.1113551490524695461257978332 -4.9111283283886462223021821191
43.7 -89.22875276562431171938651945 -207.18333552189810265951073573 -2.1113543698873568235369495673 -4.9111265192219567019185569546
43.8 -89.43988816380852164527965409 -207.67444808371859836218111397 -2.1113535944091421303405741300 -4.9111247186084247970767689910
43.9 -89.65102348462816612611537475 -208.16556046590287491795472657 -2.1113528225917171045512161662 -4.9111229264875355944730540111
44.0 -89.86215872844802897013140560 -208.65667266929719461055814219 -2.1113520544092193242071121461 -4.9111211427993437291773999311
44.1 -90.07329389563031991981619398 -209.14778469474185338570842695 -2.1113512898360294181532644630 -4.9111193674844666996346114698
44.2 -90.28442898653469881422466861 -209.63889654307123680712124667 -2.1113505288467682174598458431 -4.9111176004840782766043761366
44.3 -90.49556400151829946843983514 -210.13000821511387535804578498 -2.1113497714162939468107123174 -4.9111158417399020045038381429
44.4 -90.70669894093575327414447718 -210.62111971169249909749109993 -2.1113490175196994552092199413 -4.9111140911942047936448419401
44.5 -90.91783380513921252520256058 -211.11223103362409168015916548 -2.1113482671323094853606972390 -4.9111123487897906018860623655
44.6 -91.12896859447837347208647116 -211.60334218171994374895324448 -2.1113475202296779811028280448 -4.9111106144699942042477077557
44.7 -91.34010330930049910892392618 -212.09445315678570570878635772 -2.1113467767875854322668538933 -4.9111088881786750490633794235
44.8 -91.55123794995044169687726357 -212.58556395962143989027339356 -2.1113460367820362563639171187 -4.9111071698602111992700088140
44.9 -91.76237251677066502750780555 -213.07667459102167211175178893 -2.1113453001892562165020409473 -4.9111054594594933574625853438
45.0 -91.97350701010126642971909221 -213.56778505177544264793965096 -2.1113445669856898749501865641 -4.9111037569219189733656459327
45.1 -92.18464143027999852381496211 -214.05889534266635661340662685 -2.1113438371479980817765447085 -4.9111020621933864323982338183
45.2 -92.39577577764229072615169958 -214.55000546447263376890171578 -2.1113431106530554979987159947 -4.9111003752202893240332613158
45.3 -92.60691005252127050780774954 -215.04111541796715775845350079 -2.1113423874779481526937149010 -4.9110986959495107886759403966
45.4 -92.81804425524778441063979936 -215.53222520391752478503191100 -2.1113416675999710335258021544 -4.9110970243284179418091876437
45.5 -93.02917838615041882404032274 -216.02333482308609173243655763 -2.1113409509966257101600138514 -4.9110953603048563741766773605
45.6 -93.24031244555552052565895199 -216.51444427623002374095487334 -2.1113402376456179900389177852 -4.9110937038271447267965191463
45.7 -93.45144643378721698929827329 -217.00555356410134124421367849 -2.1113395275248556060095926483 -4.9110920548440693396203846188
45.8 -93.66258035116743646314380405 -217.49666268744696647453035413 -2.1113388206124459352970985083 -4.9110904133048789726743124165
45.9 -93.87371419801592782143799428 -217.98777164700876944395447647 -2.1113381168866937493297915435 -4.9110887791592795985383911501
46.0 -94.08484797465028019265907558 -218.47888044352361340807751857 -2.1113374163260989939307367105 -4.9110871523574292650430663427
46.1 -94.29598168138594236721744445 -218.96998907772339981957700937 -2.1113367189093545993981929236 -4.9110855328499330270799491201
46.2 -94.50711531853624198763499257 -219.46109755033511277835231778 -2.1113360246153443200066904822 -4.9110839205878379464447307541
46.3 -94.71824888641240452412636889 -219.95220586208086298500195965 -2.1113353334231406024685938142 -4.9110823155226281586491371814
46.4 -94.92938238532357203845555933 -220.44331401367793120428696918 -2.1113346453120024829042479388 -4.9110807176062200056578001413
46.5 -95.14051581557682173889638304 -220.93442200583881124512139529 -2.1113339602613735118768481321 -4.9110791267909572335244852080
46.6 -95.35164917747718432908151355 -221.42552983927125246352934026 -2.1113332782508797070560527455 -4.9110775430296062539203101459
46.7 -95.56278247132766215348142260 -221.91663751467830179490811575 -2.1113325992603275330820825363 -4.9110759662753514685644178783
46.8 -95.77391569742924714221219851 -222.40774503275834532183901453 -2.1113319232697019082096196970 -4.9110743964817906555850449363
46.9 -95.98504885608093855782949439 -222.89885239420514938359084970 -2.1113312502591642373182393945 -4.9110728336029304168560563469
47.0 -96.19618194757976054672489988 -223.38995959970790123336676260 -2.1113305802090504708833793614 -4.9110712775931816853708091419
47.1 -96.40731497222077949770078800 -223.88106664995124924925181258 -2.1113299130998691895089821417 -4.9110697284073552917316664595
47.2 -96.61844793029712121026015292 -224.37217354561534270472750340 -2.1113292489122997136299331283 -4.9110681860006575888496198134
47.3 -96.82958082209998787510911043 -224.86328028737587110452964045 -2.1113285876271902379992686122 -4.9110666503286861339642956095
47.4 -97.04071364791867486933156721 -225.35438687590410309153771837 -2.1113279292255559905818446900 -4.9110651213474254271101302944
47.5 -97.25184640804058736865806445 -225.84549331186692493029737996 -2.1113272736885774154827429716 -4.9110635990132427051697033798
47.6 -97.46297910275125677921395283 -226.33659959592687857269233409 -2.1113266209975983795451454531 -4.9110620832828837906701255764
47.7 -97.67411173233435699109584675 -226.82770572874219931119844315 -2.1113259711341244022587414538 -4.9110605741134689944929968193
47.8 -97.88524429707172045608972318 -227.31881171096685302507046116 -2.1113253240798209086259368858 -4.9110590714624890716827823501
47.9 -98.09637679724335409180906314 -227.80991754325057302473109363 -2.1113246798165115046392229865 -4.9110575752878012295525103599
48.0 -98.30750923312745501449706869 -228.30102322623889649955263182 -2.1113240383261762750290305891 -4.9110560855476251872994779760
48.1 -98.51864160500042610270321473 -228.79212876057320057414336091 -2.1113233995909501029472495721 -4.9110546022005392863571694279
48.2 -98.72977391313689139401120069 -229.28323414689073797817422694 -2.1113227635931210112573337822 -4.9110531252054766507228467614
48.3 -98.94090615780971131696274184 -229.77433938582467233470584554 -2.1113221303151285251075418874 -4.9110516545217213965132750457
48.4 -99.15203833928999776028957169 -230.26544447800411307190182139 -2.1113214997395620554693866402 -4.9110501901089048900137960775
48.5 -99.36317045784712898153450627 -230.75654942405414996294149608 -2.1113208718491593033287812219 -4.9110487319270020534984724369
48.6 -99.57430251374876435711143599 -231.24765422459588729887362973 -2.1113202466268046842226839469 -4.9110472799363277181112925750
48.7 -99.78543450726085897582365271 -231.73875888024647769908212435 -2.1113196240555277728192538216 -4.9110458340975330231104624823
48.8 -99.99656643864767807782997704 -232.22986339161915556396569183 -2.1113190041185017672446414310 -4.9110443943716018607896153418
48.9 -100.20769830817181134101871500 -232.72096775932327017436533333 -2.1113183867990419728645544533 -4.9110429607198473664013522464
49.0 -100.41883011609418701672053387 -233.21207198396431844220660820 -2.1113177720806043052336568319 -4.9110415331039084524198892751
49.1 -100.62996186267408591666289500 -233.70317606614397731675790716 -2.1113171599467838119306872636 -4.9110401114857463864907335898
49.2 -100.84109354816915525304070750 -234.19428000646013585084128538 -2.1113165503813132130019181415 -4.9110386958276414124262482350
49.3 -101.05222517283542233355036188 -234.68538380550692693126883529 -2.1113159433680614597402223364 -4.9110372860921894136166964002
49.4 -101.26335673692730811320725811 -235.17648746387475867771506609 -2.1113153388910323115315740682 -4.9110358822422986182368853406
49.5 -101.47448824069764060474034952 -235.66759098215034551417428736 -2.1113147369343629305052834381 -4.9110344842411863456388621412
49.6 -101.68561968439766814933107419 -236.15869436091673891709154771 -2.1113141374823224937286537361 -4.9110330920523757933312521649
49.7 -101.89675106827707254943833029 -236.64979760075335784419623763 -2.1113135405193108226910581546 -4.9110317056396928639557803540
49.8 -102.10788239258398206542586374 -237.14090070223601884800900948 -2.1113129460298570298266597181 -4.9110303249672630316812794753
49.9 -102.31901365756498427768356672 -237.63200366593696587793517847 -2.1113123539986181818291467503 -4.9110289499995082474450717497
50.0 -102.53014486346513881590972730 -238.12310649242489977480122888 -2.1113117644103779795159276620 -4.9110275807011438824810148233
50.1 -102.74127601052798995719721504 -238.61420918226500746163544186 -2.1113111772500454540032248451 -4.9110262170371757095827333845
50.2 -102.95240709899557909454292819 -239.10531173601899083443896759 -2.1113105925026536789574295489 -4.9110248589728969215596174839
50.3 -103.16353812910845707737655743 -239.59641415424509535663986874 -2.1113100101533584986919293124 -4.9110235064738851863520612667
50.4 -103.37466910110569642568183167 -240.08751643749813836086974737 -2.1113094301874372718823983103 -4.9110221595059997382811448035
50.5 -103.58580001522490341926089660 -240.57861858632953706165051734 -2.1113088525902876306772502912 -4.9110208180353785049165303349
50.6 -103.79693087170223006367032922 -241.06972060128733628252768344 -2.1113082773474262549835950580 -4.9110194820284352690547558085
50.7 -104.00806167077238593433550494 -241.56082248291623590113612075 -2.1113077044444876617126140491 -4.9110181514518568653083662604
50.8 -104.21919241266864990032860150 -242.05192423175761801563479847 -2.1113071338672230087717798763 -4.9110168262726004108144305148
50.9 -104.43032309762288172927443905 -242.54302584834957383589814640 -2.1113065656014989135947899846 -4.9110155064578905695789498836
51.0 -104.64145372586553357482761264 -243.03412733322693030280380476 -2.1113059996332962860034672171 -4.9110141919752168499814800354
51.1 -104.85258429762566134814396500 -243.52522868692127643890931499 -2.1113054359487091751992012539 -4.9110128827923309349719598841
51.2 -105.06371481313093597474936853 -244.01632990996098943376388647 -2.1113048745339436306847658918 -4.9110115788772440444992750783
51.3 -105.27484527260765453818902952 -244.50743100287126046705569774 -2.1113043153753165769205491444 -4.9110102801982243297184812391
51.4 -105.48597567628075131182108897 -244.99853196617412027275024765 -2.1113037584592547015223773584 -4.9110089867237942985308762302
51.5 -105.69710602437380868009916730 -245.48963280038846444733104866 -2.1113032037722933568112021140 -4.9110076984227282720182441169
51.6 -105.90823631710906795066967935 -245.98073350603007850521043789 -2.1113026513010754745279507414 -4.9110064152640498713395986872
51.7 -106.11936655470744005859122521 -246.47183408361166268433545950 -2.1113021010323504935298189427 -4.9110051372170295346656340279
51.8 -106.33049673738851616396513722 -246.96293453364285650497163154 -2.1113015529529733002872083472 -4.9110038642511820637328461632
51.9 -106.54162686537057814424832758 -247.45403485663026308460593948 -2.1113010070499031820033839022 -4.9110025963362641996059256171
52.0 -106.75275693887060898250193007 -247.94513505307747321186958562 -2.1113004633102027921817468509 -4.9110013334422722272435383459
52.1 -106.96388695810430305281185788 -248.43623512348508918234085627 -2.1112999217210371284683896821 -4.9110000755394396084690141369
52.2 -107.17501692328607630410030264 -248.92733506835074839904893593 -2.1112993822696725226003208500 -4.9109988225982346429537495731
52.3 -107.38614683462907634353037262 -249.41843488816914674046058798 -2.1112988449434756422924202218 -4.9109975745893581568273092592
52.4 -107.59727669234519242068950583 -249.90953458343206169869332429 -2.1112983097299125048988120669 -4.9109963314837412185342763778
52.5 -107.80840649664506531372099173 -250.40063415462837529066098988 -2.1112977766165475026869218808 -4.9109950932525428815638639419
52.6 -108.01953624773809711855688912 -250.89173360224409674482058382 -2.1112972455910424395650173525 -4.9109938598671479536841534222
52.7 -108.23066594583246094238983241 -251.38283292676238496615261239 -2.1112967166411555791065232152 -4.9109926312991647923185798096
52.8 -108.44179559113511050250567040 -251.87393212866357078197131614 -2.1112961897547407037168454491 -4.9109914075204231257079336277
52.9 -108.65292518385178963158357542 -252.36503120842517897112571769 -2.1112956649197461847908431705 -4.9109901885029718995067029052
53.0 -108.86405472418704169055519313 -252.85613016652195007911759327 -2.1112951421242140637114473861 -4.9109889742190771484680335693
53.1 -109.07518421234421889009956945 -253.34722900342586202162816735 -2.1112946213562791435422454231 -4.9109877646412198928769470182
53.2 -109.28631364852549152183598726 -253.83832771960615147891155801 -2.1112941026041680912691290678 -4.9109865597420940593967206033
53.3 -109.49744303293185710026246758 -254.32942631552933508347975050 -2.1112935858561985504483440336 -4.9109853594946044259985122122
53.4 -109.70857236576314941647353416 -254.82052479165923040347113988 -2.1112930711007782641204791032 -4.9109841638718645906493958469
53.5 -109.91970164721804750467690255 -255.31162314845697672406245065 -2.1112925583264042078520958921 -4.9109829728471949634389727704
53.6 -110.13083087749408452251503161 -255.80272138638105562925210423 -2.1112920475216617327688253968 -4.9109817863941207818296341344
53.7 -110.34196005678765654618396241 -256.29381950588731138631185467 -2.1112915386752237184458460384 -4.9109806044863701487203776561
53.8 -110.55308918529403128132856429 -256.78491750742897113517274113 -2.1112910317758497355237104891 -4.9109794270978720930188245061
53.9 -110.76421826320735669068020536 -257.27601539145666488498110401 -2.1112905268123852179195058667 -4.9109782542027546524207446808
54.0 -110.97534729072066953938996285 -257.76711315841844532003057228 -2.1112900237737606445053145689 -4.9109770857753429781009813197
54.1 -111.18647626802590385899778307 -258.25821080875980741724654442 -2.1112895226489907301278917570 -4.9109759217901574610241682075
54.2 -111.39760519531389933096548831 -258.74930834292370787737074671 -2.1112890234271736258453909294 -4.9109747622219118795880615605
54.3 -111.60873407277440959068920578 -259.24040576135058437196495303 -2.1112885260974901282588517841 -4.9109736070455115683166585930
54.4 -111.81986290059611045289465762 -259.73150306447837460832488198 -2.1112880306492028978180152683 -4.9109724562360516073245527238
54.5 -112.03099167896660805930679903 -260.22260025274253521436764296 -2.1112875370716556859828499642 -4.9109713097688150322781800029
54.6 -112.24212040807244694947351937 -260.71369732657606044552887563 -2.1112870453542725711239623519 -4.9109701676192710645837447930
54.7 -112.45324908809911805561152671 -261.20479428640950071567890959 -2.1112865554865572030468216042 -4.9109690297630733615356762600
54.8 -112.66437771923106662233111592 -261.69589113267098095404085676 -2.1112860674580920560264579721 -4.9109678961760582861634621303
54.9 -112.87550630165170005208527154 -262.18698786578621879006753041 -2.1112855812585376902409930741 -4.9109667668342431965186337409
55.0 -113.08663483554339567717747625 -262.67808448617854256820845581 -2.1112850968776320214940310455 -4.9109656417138247541475379024
55.1 -113.29776332108750845915168108 -263.16918099426890919447299145 -2.1112846143051895991175820775 -4.9109645207911772514993277456
55.2 -113.50889175846437861637714152 -263.66027739047592181667071012 -2.1112841335311008919488048982 -4.9109634040428509580223377405
55.3 -113.72002014785333918063023204 -264.15137367521584734018568974 -2.1112836545453315822754427327 -4.9109622914455704847056786394
55.4 -113.93114848943272348346491733 -264.64246984890263378111722838 -2.1112831773379218676463887288 -4.9109611829762331668264973710
55.5 -114.14227678337987257315327898 -265.13356591194792745859572026 -2.1112827018989857704453522415 -4.9109600786119074646668960224
55.6 -114.35340502987114256296736938 -265.62466186476109002805900411 -2.1112822282187104551271072142 -4.9109589783298313819679941177
55.7 -114.56453322908191191156368698 -266.11575770774921535725141560 -2.1112817562873555530172886481 -4.9109578821074109018920505115
55.8 -114.77566138118658863622173704 -266.60685344131714624668503654 -2.1112812860952524945781632793 -4.9109567899222184402669364394
55.9 -114.98678948635861745967845649 -267.09794906586749099628022904 -2.1112808176328038490442365354 -4.9109557017519913158905706466
56.0 -115.19791754477048689129073856 -267.58904458180063981988046762 -2.1112803508904826713329700660 -4.9109546175746302376761920780
56.1 -115.40904555659373624324888997 -268.08013998951478110931473089 -2.1112798858588318561372730674 -4.9109535373681978084225563586
56.2 -115.62017352199896258255458814 -268.57123528940591754965928117 -2.1112794225284634991077966804 -4.9109524611109170449963002116
56.3 -115.83130144115582761946777638 -269.06233048186788208732954076 -2.1112789608900582650344043451 -4.9109513887811699147168240087
56.4 -116.04242931423306453311793841 -269.55342556729235375261196168 -2.1112785009343647629375125596 -4.9109503203574958877370977787
56.5 -116.25355714139848473496632814 -270.04452054606887333822527691 -2.1112780426521989279812964116 -4.9109492558185905052168011305
56.6 -116.46468492281898457079699445 -270.53561541858485893548031035 -2.1112775860344434101220329263 -4.9109481951433039630871635939
56.7 -116.67581265866055196190583073 -271.02671018522562132958760537 -2.1112771310720469694061130824 -4.9109471383106397112097797242
56.8 -116.88694034908827298614839430 -271.51780484637437925564250235 -2.1112766777560238778334906757 -4.9109460852997530677345338384
56.9 -117.09806799426633839949887865 -272.00889940241227451679795051 -2.1112762260774533277035534164 -4.9109450360899498484645832933
57.0 -117.30919559435805009876437986 -272.49999385371838696611627280 -2.1112757760274788463615991047 -4.9109439906606850110391176277
57.1 -117.52032314952582752609047610 -272.99108820066974935357231094 -2.1112753275973077172652777878 -4.9109429489915613137473344858
57.2 -117.73145065993121401588613320 -273.48218244364136203966185623 -2.1112748807782104072915198123 -4.9109419110623279887897528235
57.3 -117.94257812573488308478805845 -273.97327658300620757705101589 -2.1112744355615200002056099893 -4.9109408768528794298056202638
57.4 -118.15370554709664466527684711 -274.46437061913526516168417041 -2.1112739919386316362151900207 -4.9109398463432538934877653837
57.5 -118.36483292417545128354959957 -274.95546455239752495475044049 -2.1112735499010019575330752220 -4.9109388195136322151087979404
57.6 -118.57596025712940418224613031 -275.44655838316000227689109830 -2.1112731094401485598738577429 -4.9109377963443365377850713234
57.7 -118.78708754611575938861844045 -275.93765211178775167601312318 -2.1112726705476494498103372454 -4.9109367768158290553072925803
57.8 -118.99821479129093372872578257 -276.42874573864388087005711216 -2.1112722332151425079168716600 -4.9109357609087107683690969224
57.9 -119.20934199281051078823040773 -276.91983926408956456605100759 -2.1112717974343249576277755094 -4.9109347486037202540272963666
58.0 -119.42046915082924682036194817 -277.41093268848405815676459294 -2.1112713631969528397399116604 -4.9109337398817324482298668115
58.1 -119.63159626550107660161135427 -277.90202601218471129626343062 -2.1112709304948404924896245307 -4.9109327347237574412500550365
58.2 -119.84272333697911923570836841 -278.39311923554698135564486794 -2.1112704993198600371351490277 -4.9109317331109392858672675258
58.3 -120.05385036541568390642968058 -278.88421235892444676022291628 -2.1112700696639408689766001040 -4.9109307350245548181376472956
58.4 -120.26497735096227557977816884 -279.37530538266882020941320966 -2.1112696415190691537466030629 -4.9109297404460124905994536793
58.5 -120.47610429376960065606698099 -279.86639830712996178055386949 -2.1112692148772873293055649014 -4.9109287493568512177605339255
58.6 -120.68723119398757257243566020 -280.35749113265589191788293851 -2.1112687897306936125765123001 -4.9109277617387392337173150956
58.7 -120.89835805176531735631905552 -280.84858385959280430787809511 -2.1112683660714415116553326282 -4.9109267775734729617568507165
58.8 -121.10948486725117913038338680 -281.33967648828507864214961683 -2.1112679438917393430331507689 -4.9109257968429758957955295287
58.9 -121.32061164059272556943755110 -281.83076901907529326906302479 -2.1112675231838497538684569479 -4.9109248195292974935100940536
59.0 -121.53173837193675330982156265 -282.32186145230423773525350615 -2.1112671039400892492474692990 -4.9109238456146120810186251516
59.1 -121.74286506142929331176790975 -282.81295378831092521818007659 -2.1112666861528277243720698772 -4.9109228750812177689711258017
59.2 -121.95399170921561617522558798 -283.30404602743260485085350553 -2.1112662698144880016154944561 -4.9109219079115353799112835590
59.3 -122.16511831544023740963062868 -283.79513817000477393985828101 -2.1112658549175453723867849620 -4.9109209440881073867729070614
59.4 -122.37624488024692265810108347 -284.28623021636119007777533499 -2.1112654414545271437458290235 -4.9109199835935968623764180930
59.5 -122.58737140377869287652864827 -284.77732216683388315109888124 -2.1112650294180121897116140791 -4.9109190264107864397926375758
59.6 -122.79849788617782946803341259 -285.26841402175316724472753347 -2.1112646188006305072071139990 -4.9109180725225772834429319627
59.7 -123.00962432758587937324260074 -285.75950578144765244409686807 -2.1112642095950627765850044604 -4.9109171219119880708065863346
59.8 -123.22075072814366011684862965 -286.25059744624425653600777151 -2.1112638017940399266791695766 -4.9109161745621539846080425480
59.9 -123.43187708799126481089634198 -286.74168901646821660919226352 -2.1112633953903427043277167211 -4.9109152304563257153583855129
60.0 -123.64300340726806711524388224 -287.23278049244310055564601178 -2.1112629903768012483139593169 -4.9109142895778684741271785715
60.1 -123.85412968611272615563636618 -287.72387187449081847374444868 -2.1112625867462946676725587743 -4.9109133519102610154224404550
60.2 -124.06525592466319139982624903 -288.21496316293163397414726336 -2.1112621844917506243087369475 -4.9109124174370946700582218626
60.3 -124.27638212305670749216912476 -288.70605435808417538948407038 -2.1112617836061449198791796435 -4.9109114861420723878908797858
60.4 -124.48750828142981904711858564 -289.19714546026544688880224713 -2.1112613840825010868839500288 -4.9109105580090077903067627117
60.5 -124.69863439991837540203873776 -289.68823646979083949774628305 -2.1112609859138899839194184391 -4.9109096330218242323456102177
60.6 -124.90976047865753532974800270 -290.17932738697414202542649261 -2.1112605890934293950428922729 -4.9109087111645538743455366269
60.7 -125.12088651778177171120293737 -290.67041821212755189892360836 -2.1112601936142836332002965259 -4.9109077924213367629970107385
60.8 -125.33201251742487616872597205 -291.16150894556168590636458761 -2.1112597994696631476689122716 -4.9109068767764199216947625856
60.9 -125.54313847771996366017619975 -291.65259958758559084949393442 -2.1112594066528241354678271824 -4.9109059642141564500780440944
61.0 -125.75426439879947703445764742 -292.14369013850675410665395510 -2.1112590151570681566893891873 -4.9109050547190046326511438113
61.1 -125.96539028079519154875481998 -292.63478059863111410707662822 -2.1112586249757417537055817368 -4.9109041482755270563775069107
61.2 -126.17651612383821934788073113 -293.12587096826307071737917683 -2.1112582361022360742038570553 -4.9109032448683897371422408648
61.3 -126.38764192805901390611811892 -293.61696124770549554114497923 -2.1112578485299864980075723683 -4.9109023444823612549791948145
61.4 -126.59876769358737443193008860 -294.10805143725974213246114292 -2.1112574622524722676367735434 -4.9109014471023118979601871901
61.5 -126.80989342055245023591202942 -294.59914153722565612427389225 -2.1112570772632161225656610438 -4.9109005527132128146453218389
61.6 -127.02101910908274506235231459 -295.09023154790158527241288181 -2.1112566935557839371336546993 -4.9108996613001351749946781744
61.7 -127.23214475930612138476501402 -295.58132146958438941612564251 -2.1112563111237843620675467096 -4.9108987728482493396429860060
61.8 -127.44327037134980466575362668 -296.07241130256945035595359380 -2.1112559299608684695727966451 -4.9108978873428240374402010736
61.9 -127.65439594534038758156067269 -296.56350104715068164977141164 -2.1112555500607294019525781473 -4.9108970047692255511621832263
62.0 -127.86552148140383421165387358 -297.05459070362053832780202533 -2.1112551714171020237137346928 -4.9108961251129169112969459671
62.1 -128.07664697966548419369559211 -297.54568027227002652741012596 -2.1112547940237625771193413062 -4.9108952483594570978131940559
62.2 -128.28777244025005684423819921 -298.03676975338871304846780236 -2.1112544178745283411481006255 -4.9108943744945002498190953280
62.3 -128.49889786328165524548408471 -298.52785914726473483007677582 -2.1112540429632572938213253679 -4.9108935035037948830204441511
62.4 -128.71002324888377029844512973 -299.01894845418480834942268044 -2.1112536692838477778587751457 -4.9108926353731831148885673070
62.5 -128.92114859717928474283261067 -299.51003767443423894352792997 -2.1112532968302381696251238645 -4.9108917700885998974494988412
62.6 -129.13227390829047714400470763 -300.00112680829693005466092264 -2.1112529255964065513293347312 -4.9108909076360722576071088614
62.7 -129.34339918233902584729504246 -300.49221585605539240015066132 -2.1112525555763703864397133200 -4.9108900480017185449140126642
62.8 -129.55452441944601290004197300 -300.98330481799075306734730522 -2.1112521867641861982778953204 -4.9108891911717476867052112140
62.9 -129.76564961973192794163471988 -301.47439369438276453446072017 -2.1112518191539492517555046341 -4.9108883371324584505105221529
63.0 -129.97677478331667206188879933 -301.96548248550981361800075492 -2.1112514527397932382176895153 -4.9108874858702387136629524589
63.1 -130.18789991031956162805967963 -302.45657119164893034753474017 -2.1112510875158899633582095778 -4.9108866373715647400212398569
63.2 -130.39902500085933208080006903 -302.94765981307579676846958279 -2.1112507234764490381712048293 -4.9108857916230004637258503731
63.3 -130.61015005505414169936277879 -303.43874835006475567355780877 -2.1112503606157175729052295536 -4.9108849486111967799087642728
63.4 -130.82127507302157533634768548 -303.92983680288881926381899337 -2.1112499989279798739855789495 -4.9108841083228908422784122763
63.5 -131.03240005487864812228794158 -304.42092517181967773956020392 -2.1112496384075571438713750573 -4.9108832707449053675021386559
63.6 -131.24352500074180914036725158 -304.91201345712770782217136849 -2.1112492790488071838143107682 -4.9108824358641479463095678186
63.7 -131.45464991072694507155674223 -305.40310165908198120736387073 -2.1112489208461240994863767131 -4.9108816036676103612412365112
63.8 -131.66577478494938381045670885 -305.89418977795027295051315614 -2.1112485637939380094443156755 -4.9108807741423679109678250779
63.9 -131.87689962352389805212531509 -306.38527781399906978475871620 -2.1112482078867147563989629569 -4.9108799472755787411062784861
64.0 -132.08802442656470885017315952 -306.87636576749357837250749334 -2.1112478531189556212580389499 -4.9108791230544831814600513345
64.1 -132.29914919418548914639949951 -307.36745363869773349097951958 -2.1112474994851970399113621297 -4.9108783014664030896116409920
64.2 -132.51027392649936727224283926 -307.85854142787420615242746412 -2.1112471469800103227278468580 -4.9108774824987412007964896015
64.3 -132.72139862361893042231554506 -308.34962913528441165965471859 -2.1112467955980013767340408982 -4.9108766661389804839882391309
64.4 -132.93252328565622810028914553 -308.84071676118851759744969148 -2.1112464453338104304443424496 -4.9108758523746835041262141765
64.5 -133.14364791272277553739400754 -309.33180430584545176054711501 -2.1112460961821117613134159190 -4.9108750411934917904168850231
64.6 -133.35477250492955708379414943 -309.82289176951291001872038617 -2.1112457481376134257816996424 -4.9108742325831252106419287434
64.7 -133.56589706238702957309506054 -310.31397915244736411960226816 -2.1112454011950569918852674346 -4.9108734265313813514063590780
64.8 -133.77702158520512566023954089 -310.80506645490406942982466781 -2.1112450553492172744016692645 -4.9108726230261349042610366638
64.9 -133.98814607349325713304375503 -311.29615367713707261506167710 -2.1112447105949020725037346129 -4.9108718220553370576347000731
65.0 -134.19927052736031819762291024 -311.78724081939921925955362205 -2.1112443669269519098936752456 -4.9108710236070148945114752689
65.1 -134.41039494691468873795322045 -312.27832788194216142568349826 -2.1112440243402397773901723123 -4.9108702276692707957906266621
65.2 -134.62151933226423754981410281 -312.76941486501636515417088861 -2.1112436828296708779414759349 -4.9108694342302818492661071549
65.3 -134.83264368351632554935187376 -313.26050176887111790544225350 -2.1112433423901823740378838594 -4.9108686432782992641642475491
65.4 -135.04376800077780895650356467 -313.75158859375453594273035684 -2.1112430030167431374972993827 -4.9108678548016477911786976641
65.5 -135.25489228415504245351686380 -314.24267533991357165744954033 -2.1112426647043535015978977133 -4.9108670687887251479424926185
65.6 -135.46601653375388231879961035 -314.73376200759402083738758353 -2.1112423274480450155322542475 -4.9108662852280014498778681534
65.7 -135.67714074967968953632971785 -315.22484859704052987824898666 -2.1112419912428802011576080164 -4.9108655041080186463651887782
65.8 -135.88826493203733288085388718 -315.71593510849660293907868608 -2.1112416560839523120172488560 -4.9108647254173899621730820649
65.9 -136.09938908093119197910098407 -316.20702154220460904208945774 -2.1112413219663850946083277382 -4.9108639491447993440925917694
66.0 -136.31051319646516034723350103 -316.69810789840578911741058068 -2.1112409888853325518716962477 -4.9108631752790009127188717686
66.1 -136.52163727874264840475809971 -317.18919417734026299326972001 -2.1112406568359787088796834620 -4.9108624038088184193246422349
66.2 -136.73276132786658646511383511 -317.68028037924703633211444537 -2.1112403258135373806980165578 -4.9108616347231447077703191679
66.3 -136.94388534393942770315429870 -318.17136650436400751317432617 -2.1112399958132519423983853886 -4.9108608680109411813964085268
66.4 -137.15500932706315109973758191 -318.66245255292797446195913765 -2.1112396668303951011984411266 -4.9108601036612372748444268949
66.5 -137.36613327733926436363565485 -319.15353852517464142718337103 -2.1112393388602686707063048868 -4.9108593416631299307532720112
66.6 -137.57725719486880683097247677 -319.64462442133862570560196622 -2.1112390118982033472469441304 -4.9108585820057830812786187616
66.7 -137.78838107975235234239790462 -320.13571024165346431523697513 -2.1112386859395584882480526235 -4.9108578246784271343835594788
66.8 -137.99950493209001209820224317 -320.62679598635162061746971756 -2.1112383609797218926633438778 -4.9108570696703584648493417874
66.9 -138.21062875198143749157408491 -321.11788165566449088846790808 -2.1112380370141095834114383719 -4.9108563169709389099556828901
67.0 -138.42175253952582292020191920 -321.60896724982241084041221129 -2.1112377140381655918087915085 -4.9108555665695952697807562516
67.1 -138.63287629482190857641784811 -322.10005276905466209298172286 -2.1112373920473617439753722590 -4.9108548184558188120715552338
67.2 -138.84400001796798321607963027 -322.59113821358947859555297438 -2.1112370710371974491920618364 -4.9108540726191647816359384917
67.3 -139.05512370906188690638518396 -323.08222358365405300056222006 -2.1112367510031994901889975801 -4.9108533290492519142082539907
67.4 -139.26624736820101375281161567 -323.57330887947454298847598241 -2.1112364319409218153443395787 -4.9108525877357619547410224640
67.5 -139.47737099548231460536880070 -324.06439410127607754481011084 -2.1112361138459453327731864605 -4.9108518486684391800757371320
67.6 -139.68849459100229974435552730 -324.55547924928276318963294150 -2.1112357967138777062866122906 -4.9108511118370899259464046571
67.7 -139.89961815485704154580422514 -325.04656432371769015998353693 -2.1112354805403531532010386851 -4.9108503772315821182700127421
67.8 -140.11074168714217712679833230 -325.53764932480293854563143066 -2.1112351653210322439783951346 -4.9108496448418448086786626027
67.9 -140.32186518795291097084441208 -326.02873425275958437859980287 -2.1112348510516017036777561698 -4.9108489146578677142486498744
68.0 -140.53298865738401753347921147 -326.51981910780770567686956854 -2.1112345377277742151993764549 -4.9108481866697007613823154653
68.1 -140.74411209552984382828995670 -327.01090389016638844267746835 -2.1112342253452882243022742003 -4.9108474608674536337990185452
68.2 -140.95523550248431199352430757 -327.50198860005373261581691399 -2.1112339138999077463767394986 -4.9108467372412953245921073809
68.3 -141.16635887834092183946454134 -327.99307323768685798234605296 -2.1112336033874221749533673509 -4.9108460157814536923092801934
68.4 -141.37748222319275337673870769 -328.48415780328191003910328279 -2.1112332938036460919304353079 -4.9108452964782150210142377301
68.5 -141.58860553713246932573968934 -328.97524229705406581442625984 -2.1112329851444190795016628493 -4.9108445793219235842880319180
68.6 -141.79972882025231760732131731 -329.46632671921753964546631325 -2.1112326774056055337666039108 -4.9108438643029812131290108950
68.7 -142.01085207264413381493892546 -329.95741106998558891248608910 -2.1112323705830944800061353796 -4.9108431514118468677107500043
68.8 -142.22197529439934366839998583 -330.44849534957051973052421299 -2.1112320646727993896057129631 -4.9108424406390362129578410828
68.9 -142.43309848560896544938874361 -330.93957955818369259880677034 -2.1112317596706579986092716334 -4.9108417319751211978998886729
69.0 -142.64422164636361241892706856 -331.43066369603552800828146215 -2.1112314555726321278868509022 -4.9108410254107296387645317345
69.1 -142.85534477675349521693205775 -331.92174776333551200764639908 -2.1112311523747075048992255251 -4.9108403209365448057707731271
69.2 -143.06646787686842424402926237 -332.41283176029220172824164778 -2.1112308500728935870430199190 -4.9108396185433050135843566564
69.3 -143.27759094679781202577876917 -332.90391568711323086816784010 -2.1112305486632233865599796303 -4.9108389182218032153973829348
69.4 -143.48871398663067555946974374 -333.39499954400531513599239715 -2.1112302481417532969942656612 -4.9108382199628866005948007735
69.5 -143.69983699645563864363743934 -333.88608333117425765440020599 -2.1112299485045629211818273834 -4.9108375237574561959708503975
69.6 -143.91095997636093419045508955 -334.37716704882495432414191603 -2.1112296497477549007560971748 -4.9108368295964664704589685387
69.7 -144.12208292643440652115153696 -334.86825069716139914862939468 -2.1112293518674547471544348517 -4.9108361374709249433390935011
69.8 -144.33320584676351364460390175 -335.35933427638668951952429678 -2.1112290548598106741099324638 -4.9108354473718917958867306912
69.9 -144.54432873743532951925306431 -335.85041778670303146366215928 -2.1112287587209934316133701131 -4.9108347592904794864285559489
70.0 -144.75545159853654629848822397 -336.34150122831174485165093097 -2.1112284634471961413302911844 -4.9108340732178523687697453763
